8 0.10999007849439231 0.6791260455504071 0.11411706757952608 0.19629081520043049
8 0.16517087953637538 0.8025681661960415 0.11259460326527945 0.22695733589448405
6 0.5053735009342852 0.6850171852127892 0.09678911031703784 0.3050323476658139
6 0.5463438913809862 0.6767070090744576 0.10888774910666642 0.21801991515857796
6 0.46570921353874034 0.04915224768877822 0.1822219983156272 0.09830449537755644
8 0.1651250818791248 0.802631244058932 0.11328725412107733 0.22681892518740007
8 0.10979767523173155 0.6784519970919354 0.11332630785161299 0.1958834410438154
7 0.1659397428639053 0.6426341042382162 0.03509021277185557 0.3215682201583549
7 0.5883603804703642 0.8489911902208069 0.14913255041430365 0.3020176195583599
7 0.5599344309767724 0.10686078917275932 0.21540444425907704 0.12128314005192921
6 0.5049261025757352 0.6853889111103522 0.09575795696526519 0.30712233630964847
6 0.5579849705433333 0.6933531856337802 0.13243717439932912 0.2533634832765185
2 0.34679733514614663 0.6042615809991307 0.045308124241938745 0.1362071949745176
2 0.49864219765341483 0.49377152061821905 0.04333491314810782 0.11668170789393313
2 0.5310382006864671 0.5629577897219921 0.036182548842108066 0.13313682054564155
2 0.6830259421889285 0.4279510700113849 0.04102091293146242 0.11967354655788026
2 0.5232679913296865 0.23807709500089846 0.07057700660771872 0.10860374350127659
2 0.4226089819055642 0.19282553520869997 0.07751900725765823 0.09543965337990937
2 0.5145904905172622 0.12423610052039946 0.06849440641273694 0.08063005199337187
1 0.2852343809617951 0.9147031787501351 0.06783302145234996 0.06589196406892818
1 0.15515463793213427 0.4533414426944531 0.07993899914186976 0.06060734575462072
1 0.6365146740228268 0.556449481675868 0.03586700335802116 0.26616144714138534
5 0.3725782436650215 0.7381006079802097 0.043759163836047395 0.13021324861084196
4 0.3596425439743908 0.9066653287929295 0.031073616145769974 0.131427358155002
5 0.6162096222525543 0.5561225903230809 0.030598349972186103 0.13228377563732593
5 0.6616725115578136 0.47869949266619133 0.02868595309892447 0.11157580141372589
5 0.5542166784845773 0.5518431947275042 0.025708542406942866 0.14163738214958138
5 0.4832000118356962 0.5382677267898477 0.03589014336018718 0.1705983804165875
5 0.5092903642783861 0.8375469003460095 0.022399522097137973 0.17105089601450993
5 0.3290760274059559 0.6506579584042297 0.016799641572853196 0.11946411785140447
5 0.34843133325337766 0.13137078131460694 0.027026435151052554 0.14835563622877618
4 0.5370246459528986 0.7115547682230838 0.044379337998350546 0.13330376157325521
4 0.5708326679936636 0.4707094030435217 0.10434037340515234 0.09087709941739096
0 0.582109536008687 0.6769822509774367 0.09802789861778781 0.10183678411217013
