8 0.3134400616307073 0.7132427089697896 0.20457698317010123 0.13931765878967453
8 0.22806216744479763 0.7389064882205212 0.17405541713262726 0.18086853948132842
5 0.2969419178266669 0.6641149029755354 0.0780912140057915 0.04790572126802775
5 0.3511108233165989 0.5656148740417819 0.07039208023057122 0.09141193752164725
5 0.3872692551537868 0.6049660022262338 0.09266457436602488 0.03715137567724718
5 0.4705848813641904 0.6012997480475577 0.08881500747841464 0.1178089676081108
2 0.43222669701979544 0.721797302053365 0.034646101988485535 0.11829780149859923
2 0.4645355619693723 0.6868456788833224 0.04317014295390683 0.1363846554467339
0 0.4857081798512292 0.5252860780763575 0.07396667805478149 0.08407942916429714
5 0.2730196093108079 0.4781136076440598 0.06434276083575632 0.06599257521616378
5 0.34726125642899036 0.40014460211089414 0.01649814380403935 0.14762783492800824
5 0.29955412392897274 0.4431619844740186 0.07836618306919038 0.06550374132567366
6 0.16498143804040427 0.5663481248775146 0.038495668876094194 0.24148394190210376
7 0.30397116744187874 0.2849792048547375 0.07077703691933368 0.3043479802191288
4 0.3614397016926196 0.31939311074523885 0.05020935097696255 0.14733453459371157
5 0.3745750551719474 0.19263632607555345 0.030612633928222 0.13221652935870026
5 0.3507234937677501 0.15641033255176762 0.016714873739949346 0.09382031502473451
7 0.3252755680175985 0.10532667348136009 0.18067088244754204 0.09515583552330704
1 0.47164217703502265 0.13176295320937334 0.033246259483899455 0.203088261776336
0 0.6065020040392658 0.1144315698192702 0.048494543908845944 0.13287393932412342
1 0.5413843303884615 0.29463351763175216 0.07624142212473195 0.20708781178943647
5 0.5575075163787748 0.29485571485470224 0.025497131333516894 0.09376722808491668
5 0.6083767931078989 0.29352253151700197 0.04874451578466497 0.07865781692431371
2 0.6110014978039969 0.35218259837581195 0.08049094401365156 0.0715475057899125
6 0.5795050414508308 0.2870788120514509 0.12798560041922272 0.20619902289763659
2 0.8537241892240501 0.43661754309682815 0.05899336269323673 0.06354840576371175
5 0.7346645018388992 0.8194813997126452 0.06794690079074395 0.11675454078647533
