2 0.46421220123054224 0.4943983419890979 0.07424164711818142 0.07110311134401409
6 0.34173681836014824 0.650674537228769 0.06404716909260126 0.31621002340575965
1 0.3580250482814696 0.577889104050636 0.0541835538418548 0.1125284506047023
5 0.29647708395529965 0.5891535856347584 0.05237633857548609 0.07224531525041727
5 0.44624122581982545 0.7723781502156366 0.042811299029691295 0.09571742189295751
5 0.4455171337332605 0.6561047306887704 0.04543703666742616 0.13013044633993007
5 0.4954299065078061 0.6636631089504441 0.04625306055956157 0.15730828848588596
5 0.5343397849797813 0.5798598654252466 0.062203745296726426 0.09903018048966991
1 0.4503781570704639 0.588160125323881 0.06285656441043519 0.2495880806155164
5 0.38909372982943446 0.5426960026313455 0.07189273783879445 0.07565723624414475
5 0.3720501928417891 0.4855858073111197 0.08862639233575481 0.04076676321893728
1 0.4264572946728942 0.38178848640180585 0.1179867253864714 0.06132643353421034
6 0.2748344693688942 0.4431049954850204 0.07086740509931673 0.2645667566739413
0 0.3172195849400818 0.31924272265239867 0.08599032528166446 0.07354177177440525
7 0.3987479122383808 0.24375957150524208 0.19305327969485436 0.1214085626199009
5 0.396635649887713 0.24849237235407803 0.0927395659287727 0.034085054000536255
2 0.40458475553875084 0.31424053062499424 0.06874226585016809 0.07376947801941242
8 0.5982906828046295 0.18414343865726887 0.18625682535973212 0.08475371552297414
1 0.6121489026248873 0.32663913566560476 0.09091477123529527 0.059459976861429474
5 0.45945358228097477 0.36356831411990265 0.06899223772598646 0.11376497815041989
5 0.371838439806488 0.4000086586837085 0.020747665692959452 0.13420712266182386
4 0.5315008085116136 0.4862533945978623 0.0340961638616835 0.18282387504329278
7 0.40307561386584223 0.049913576173595195 0.17018539800063195 0.09982715234719039
6 0.5742949864437276 0.14463019239293493 0.17179885283546242 0.04605542439328126
4 0.5966788316875006 0.054943313311282466 0.05658454279898198 0.09695878819638082
0 0.6969743656807941 0.30808654949399833 0.05851614365758182 0.1537604782814274
7 0.611893029038466 0.37199855071344756 0.18636539578090422 0.0963123962750712
8 0.6595206250325539 0.5565139526158221 0.12401104759370245 0.30004624198281504
8 0.8016605615768873 0.23028077684707654 0.03497344637162749 0.3296747073847726
5 0.4642728350494468 0.32021040278756857 0.02999662509825494 0.11909771150122118
5 0.49414447420979285 0.210667171873199 0.05324400954940337 0.06888113911451192
2 0.6702496607241408 0.22199923024365134 0.06549263146452518 0.09154525585541635
4 0.37024162535910904 0.048438994603108604 0.0872401846607591 0.03999550013100712
2 0.32876899004817695 0.38581948691893475 0.06491136309698305 0.10144883848812718
