7 0.5185989327790618 0.37167710036950524 0.12459734166533153 0.3041357333633663
7 0.41780108334193744 0.15580112036453897 0.12739728192747313 0.23295502981023727
7 0.06961669651781058 0.6717453076297818 0.037417383503174306 0.2963977166389006
6 0.6037075354769622 0.2967258687669694 0.1308972072551516 0.22449298812909574
6 0.4133623595905428 0.4654410644452676 0.157560274751461 0.13303958578906355
6 0.4407254121523878 0.573818550147582 0.16545101549022642 0.1751235363958083
1 0.5210772784811513 0.43421306779246377 0.03919916366999215 0.1313867010922554
1 0.3224317602339491 0.2935294831578964 0.042837689961059494 0.18800986149576115
1 0.11022079625499746 0.33392938696477886 0.033664506942537795 0.1618425122495686
1 0.18550761236800947 0.8215731796783661 0.09047740847087882 0.1752469497406976
8 0.4015417946266784 0.768399439180043 0.18894472878780771 0.23983516746416036
8 0.129688142141954 0.4759542652827541 0.04963530464706776 0.32581123050382943
8 0.022768177987744335 0.6000400607215923 0.04553635597548845 0.2907080570823403
2 0.3788290181118798 0.35345393390792346 0.0763967998739517 0.08465864341822833
2 0.43913218991770897 0.486501097773425 0.05885076963332724 0.09790792323481386
2 0.41472227573263515 0.683181976647747 0.05950890497869285 0.08170164702739857
2 0.2837869316733573 0.5254057679139964 0.0608778656655968 0.08871779703097957
4 0.5995356896278065 0.34844424566984655 0.05680082513721154 0.10603812552263849
4 0.43202623196735906 0.5459261151141771 0.1018160095324472 0.06881228927078126
5 0.5574048561989935 0.6444903712592053 0.09809199537670876 0.04331510021583258
5 0.50742781583401 0.5625336258378572 0.0588170412048855 0.056205104203479975
5 0.6140378833044 0.5449987217580016 0.021194238598217875 0.15504012256535987
5 0.39118093897090034 0.5066906234605889 0.044506690868632376 0.04512483935292023
5 0.3360691381687293 0.5042180295234527 0.06328295107883662 0.03647076057290762
5 0.34763044653890196 0.6094578089732358 0.07840827180372281 0.03739798329933643
5 0.3672759780551357 0.6878081293565615 0.043637419562605494 0.09643116354870689
5 0.24249309129880572 0.5780275408625559 0.026039444437923043 0.14982791447196936
5 0.2516704531988189 0.8664622919074528 0.06605418800245501 0.02655256814252957
5 0.5364973700263918 0.294186934959862 0.07232337266152862 0.02998020148789879
5 0.213497532319074 0.8503860495742258 0.027538514974966656 0.08839523325297986
