2 0.16323484658450205 0.20909561686369318 0.04626534884975449 0.052619251141749486
2 0.2824184082952828 0.37806471701062155 0.053305728022542735 0.08250494232419973
2 0.3486554450025392 0.3038613555704372 0.03577662069437533 0.11494496608634627
2 0.19597728029344516 0.6474683330072344 0.0692256058255015 0.07277293519555411
2 0.194175517950042 0.555743527236621 0.06119669994437009 0.07015985296652341
2 0.9656827528936432 0.33279655171263284 0.05129775346002157 0.06797480088118076
7 0.3544580139198958 0.4239020324892747 0.17447827743539482 0.16442742520772302
7 0.12941883879673963 0.602182317696192 0.047430988040690014 0.3041606217212494
8 0.10869385816983371 0.5985111982224333 0.05051549087028749 0.3290402530192628
8 0.1651661119369835 0.43967415284887695 0.020136366176929002 0.3327541112775448
8 0.5269638848962466 0.32494760930435107 0.03584346100706485 0.3738045079141658
1 0.5465623285544425 0.42544302289249175 0.04450669086863492 0.12239339988874062
1 0.34941965235305134 0.23601079179921505 0.10605109933541473 0.09395856961155914
0 0.23853402524712997 0.4939986675583586 0.04417636777234271 0.15537162152543002
0 0.21348162620740316 0.47631962090776503 0.08624909898409734 0.09145506825019849
6 0.403163582302997 0.32763484945448346 0.161980015165256 0.09179504991655595
5 0.2984893105143784 0.3233418470738564 0.06780217628834562 0.04473042718140883
5 0.4900126516491607 0.31501916198136365 0.03908128846935744 0.08454840838795694
5 0.5430652068084725 0.5483705243164859 0.09523332934013325 0.04454249374512154
5 0.5744857962995267 0.5471774895088486 0.01703945614076147 0.15482765085925695
5 0.9011417058567496 0.3826400603262924 0.022335896819047886 0.12562672051053572
4 0.5705402967916389 0.415869927514256 0.03494470650232575 0.1403197059330514
5 0.9365673265146006 0.5594419350531185 0.01676245949804018 0.14794719815065133
7 0.9604199128584585 0.5487087761649654 0.03787534061311942 0.31329808435955336
6 0.9302068446294552 0.4418350148889749 0.02210605332394566 0.2773123691851064
0 0.9777903860276786 0.5733042720925202 0.044419227944643286 0.08820238102611942
