2 0.7006343096783917 0.811767394347904 0.07515877500007799 0.07323015756079308
6 0.5767546575187908 0.7398922579414673 0.17572535355346341 0.13284455536861062
7 0.6591096378573762 0.7097829158460596 0.20258020078459957 0.08852102646953222
7 0.7767029215942338 0.7229283069757767 0.0536427322949875 0.3040456042236148
4 0.6745688227869739 0.603319922067021 0.08593256275398387 0.10728269085355026
5 0.517789644594311 0.641802843339849 0.056293140507067685 0.11542964813900955
5 0.4292354988880196 0.44515667483299537 0.017249819796819308 0.15258377186129762
2 0.46412114163792895 0.4889430017676664 0.06169332110715939 0.11043624468294366
8 0.4878508777567487 0.47209131573210406 0.08435940015808491 0.34451460519714106
8 0.550349744318157 0.4246117953935363 0.13414513795923833 0.3154002041424378
2 0.5516124377736197 0.5002366394939909 0.04849352848295951 0.0978267294022376
6 0.5781914709648177 0.5922959547906149 0.16059161503526917 0.10778098786869253
0 0.7226271572147722 0.4522779053178965 0.0740480069326876 0.11234354183121081
6 0.8414089956083595 0.5727555085167129 0.13305501245717452 0.13534330156030286
5 0.4544315985605118 0.21644763467238928 0.07582425786609243 0.0570571036778619
5 0.42858290203645555 0.259918926829843 0.03204134034019161 0.10598195734657465
5 0.4376121279073081 0.20628924370755278 0.034036108026599426 0.11779099169030265
0 0.3739043807504793 0.5592390687861388 0.09424598922370887 0.16864351303356515
2 0.4603966746152823 0.31176827112272587 0.03996909465116745 0.11610637718436316
5 0.7091865153758496 0.28318085117648983 0.06288882177063748 0.04316822059687239
4 0.7183042617641359 0.3695660965459136 0.06840243790041615 0.13900975826772474
4 0.7816260694662753 0.3882282628472053 0.018950114471409082 0.17029990742094875
4 0.799706912631662 0.37437994876637987 0.027990536054101667 0.1296987910666711
8 0.22612823170413499 0.5366981078982954 0.21140668955278874 0.0770941773867719
1 0.20154364884265036 0.32540310987705223 0.07114648206103467 0.10476143249442624
5 0.4393013998304325 0.5718610422511515 0.02766282077172879 0.13201488104666181
5 0.47510511611897244 0.27190382537242913 0.06757034661267367 0.1472252521490397
7 0.3283812239270924 0.3438408218595485 0.19752305849294693 0.2099672374358014
1 0.2829458296732369 0.2477522898622865 0.044544504170445566 0.2321405017339787
1 0.20085667198770335 0.20431079246177603 0.10639772996140669 0.09186066637816276
8 0.6090348397172051 0.4606882538965924 0.040879127827277546 0.3652891330049073
2 0.6262365505211074 0.3682953397823334 0.04251526933118919 0.11520039934431531
0 0.6493907771271283 0.31519076545044533 0.0698578031389786 0.12025797785211517
2 0.6810006428008704 0.25955740186465204 0.06796121119855217 0.05844312942345743
5 0.5112580733654926 0.2744079263072475 0.018928185953719884 0.11083231856293127
5 0.5696192757777319 0.40662445566594385 0.038967253684647186 0.06235292446473729
1 0.3446434310017958 0.13698881282547254 0.06664320623941958 0.24518117851045523
2 0.23198678399260356 0.09819687388244923 0.07311146756909351 0.06926234779998204
