8 0.520806333528473 0.6376314518836346 0.16942030767932373 0.23929262059301842
8 0.5866212400204408 0.7456100531866018 0.1804602274779763 0.2687324067227586
8 0.8118780651429492 0.6489871653761715 0.024627513396996144 0.3578066314229986
2 0.7751147041648013 0.3897883624961178 0.04469661681259694 0.1272717224494285
2 0.6482217666036147 0.28861068596211387 0.046211756365566854 0.11010006176859173
2 0.736005164453778 0.23137207952937444 0.07253730609841116 0.06430899078318114
2 0.5706816463520233 0.2588911035682846 0.06020687616202904 0.0799422242345262
2 0.6465172346065241 0.13928523701816656 0.05871165767756455 0.10033569289967242
2 0.726914327135962 0.12733254741580816 0.06193132922762486 0.07508345708077337
2 0.5339234265764861 0.1446116803474802 0.055491986127502446 0.09124484899181225
2 0.5689616863716269 0.048668397159656734 0.042990769550060606 0.07909276721520007
4 0.6990330004063214 0.5040727435650557 0.028671731967069434 0.13285246963464864
5 0.3801362368789678 0.5504355618815415 0.09608080393220121 0.055309972388493625
5 0.4504429838833245 0.3606462912441146 0.09272560125520378 0.1051974657515177
5 0.32858812302327883 0.4023999351711919 0.03202693464406707 0.1561694336929748
5 0.3570406506486711 0.2335829515647573 0.026342767227763204 0.10529454671140798
5 0.1904507596323465 0.0632281847589256 0.02907616018521118 0.08681795159046476
5 0.166956900919158 0.0640135445183788 0.03349380883213552 0.030414841593370056
5 0.13302132722233004 0.13191146554019784 0.04353391939332722 0.08082065888191288
7 0.09337529050084034 0.5357222598485454 0.05358929715700374 0.30890535124364293
7 0.15812902456555386 0.2567692392712984 0.1416868538469276 0.15373091305645625
6 0.28186962736818644 0.7524186668012629 0.15477794467892309 0.16402092726018352
6 0.1664538477951007 0.48653459315233005 0.027848182219079264 0.303012081762619
6 0.2414426276259949 0.2088729569110187 0.03288098623457573 0.22248726810488773
6 0.2565410396724837 0.3174323782316559 0.0013420810707989261 0.004175363331374626
6 0.3338784613772762 0.1008052004289028 0.08891287094043385 0.19922447895416295
1 0.2916029076471072 0.33939739468472413 0.04999251988726229 0.17417230674902412
1 0.19748947255732754 0.3465551720703159 0.09327463442053081 0.08589321966357222
1 0.20604523938367117 0.2546967837872897 0.05737396577665761 0.07992827870005711
0 0.39158794742163283 0.31464345298865415 0.055360844170458064 0.12585738430870583
0 0.5232796524937844 0.3730985980012171 0.053012202296558814 0.16045312738177883
4 0.47764889608661876 0.24634646962931883 0.10065608030992466 0.034595801446391565
4 0.4029956365234246 0.18341776190874826 0.06811061434304969 0.06740232491034158
0 0.9449324749249499 0.9311193574645139 0.06630869944437445 0.0677947605186303
