5 0.23472558110741454 0.7668272754104367 0.06578645244019846 0.05133723161999981
5 0.2527646961627431 0.8658374736237024 0.07195934860364203 0.026809936993510742
5 0.36681446524370687 0.6918005641692332 0.046500463553112326 0.09102712465827714
5 0.3508212960447704 0.6271189028268016 0.07701330080930106 0.041804573944995156
5 0.2164109570787028 0.6359094156826295 0.062413679772810024 0.1387743347223357
5 0.1129604086816919 0.5611300902871149 0.06353583000422766 0.1109857505878164
5 0.1561473101134324 0.44669065178790035 0.027635153379136593 0.10036934178672446
5 0.3276535728812097 0.5086813183629996 0.04452507515082767 0.04431341577363693
5 0.4231193297403925 0.4636669704840426 0.07040379172788713 0.11819593482414142
5 0.4997954587934749 0.5571853247027694 0.029781195758735387 0.11030072503235173
5 0.5572679418366484 0.6446131625442021 0.09770322117339489 0.04319144180214202
5 0.6139822985637935 0.544017251912486 0.02142156186154599 0.15720755967768982
4 0.38254554159436766 0.5861801752959648 0.09817720981604061 0.07021938909485957
4 0.5975272867550089 0.40475984093128725 0.0287362415215877 0.11057937949559354
4 0.18066558659598045 0.4238753544040578 0.06623703670725711 0.11775473192401228
4 0.31584974672893285 0.8468934592521914 0.09979234593201347 0.09334042112727246
8 0.40194343759852336 0.768432160409893 0.1878968175916965 0.24024464471494414
8 0.1296382663580741 0.47462910917139167 0.049889844670898936 0.32716877729759525
8 0.023926762240124973 0.5990708985999376 0.04225364395596538 0.28915746707214857
7 0.06948942650589483 0.671570501787534 0.03767192352700527 0.2963977166389003
7 0.3788954007066575 0.20404637480817406 0.04558580426793608 0.1386343240906443
1 0.10994807440871406 0.33367911650081195 0.033237457657286154 0.16118530802014522
1 0.5371884528003575 0.43101725730183316 0.04743700444125306 0.12670436741815613
1 0.18556191825782414 0.821089471705472 0.09108746307344857 0.17390062234191994
6 0.4431192179700942 0.5784423033663871 0.17077321598851344 0.15961459272157344
6 0.40216141413545203 0.41409686575744764 0.08932040836255555 0.2529973570200189
0 0.18169749274709734 0.32199488524840997 0.05086314749320778 0.15121648871803733
2 0.30489580120507354 0.7333834659426414 0.06406529525426269 0.09281499491562879
2 0.2773572862301071 0.5759719544190669 0.04417636777234293 0.09689477491191933
2 0.4144761420429621 0.6828961884885294 0.059093063383782694 0.08091563659311303
2 0.4761697069268148 0.4580960260815724 0.07425837058874764 0.07703984559663386
2 0.3608077564468719 0.3226880718038912 0.04690735958970892 0.11554031459802658
2 0.21006961952536773 0.1691350668126323 0.04583430522692999 0.08963153022155215
