8 0.5134987020979719 0.6986189960351105 0.18890732482732667 0.19093563292261342
8 0.8320092812049339 0.6516713450297644 0.024627513396996092 0.34885936591102157
2 0.6472826305170658 0.29108670679797355 0.04621175636556703 0.11906123807698502
2 0.7345645479326657 0.23489358658099582 0.07541853914064842 0.07135200488642171
2 0.5717602179336783 0.25676731467915304 0.055173542114308985 0.0927387405861054
5 0.3792154254646979 0.5547518509340168 0.09548654961724024 0.05587471640434845
5 0.4504429838833245 0.3606462912441146 0.09272560125520378 0.10519746575151771
5 0.32858812302327883 0.4023999351711919 0.03202693464406707 0.1561694336929748
5 0.36748512042677384 0.24606829474777658 0.016258451579942445 0.1148986568521932
6 0.28186962736818644 0.7524186668012629 0.15477794467892309 0.16402092726018352
1 0.2916029076471073 0.33875712067533853 0.04999251988726229 0.17545285476779524
0 0.5232796524937844 0.3730985980012171 0.053012202296558814 0.16045312738177883
0 0.9449324749249497 0.9311193574645139 0.06630869944437445 0.0677947605186303
0 0.30937862129906046 0.5803695988155215 0.09852019773626859 0.09665046262051784
2 0.4669321472270786 0.2340931745291575 0.05189674752198817 0.0980624866437499
7 0.43484858705191043 0.556746560738567 0.16559879697978994 0.20381390397512603
6 0.5950357428404898 0.7901237859758584 0.1704818384291933 0.07971388244360605
5 0.7001693492798986 0.5014470255370259 0.031061916437930392 0.13249708813614164
2 0.7488963439564407 0.6459060951491429 0.05057302305089266 0.1035428718387971
2 0.7778289248003857 0.3933457572271593 0.03928397382958182 0.11858428490838509
4 0.3819927101428522 0.32327731514191993 0.0862569142019096 0.07619260711688046
4 0.7037591000892773 0.8267260036237224 0.0677582635852508 0.08718054147414861
2 0.5317831094726694 0.15208251414461582 0.06057585406849922 0.10362339874565984
5 0.4641353971857148 0.13870291090732623 0.03882461524411625 0.09472853968859214
1 0.39486252960825907 0.07406806154028281 0.10084315647822374 0.0683929055480017
5 0.12478615605841274 0.35095139456007785 0.060792216420506605 0.06817637651937336
5 0.17555528303324408 0.2688298501162866 0.040746037529156176 0.04028604067053763
5 0.21858919967499976 0.2047208142415344 0.06754690713389411 0.06236588988419925
5 0.27393408487503046 0.1421612414694956 0.051422806721285894 0.06120379255716472
5 0.31064909730103496 0.18051045326164292 0.05992064342522691 0.09296778616278219
5 0.32858812302327883 0.4023999351711919 0.03202693464406707 0.1561694336929748
5 0.2373649354727079 0.6083991178480099 0.020426298076942618 0.1350773672072958
6 0.11465730364859321 0.5705713724767884 0.0968608269659915 0.2022171625977458
1 0.21336809138165452 0.36864982659169 0.07194497579458185 0.20866697245263144
7 0.16415785836776842 0.7387031900238447 0.11020604738768419 0.2451366838224719
4 0.669492111338919 0.10572286034657603 0.08582112770427253 0.08781358038722818
4 0.5701327898774446 0.05417198324908792 0.07623382475623773 0.10834396649817583
7 0.15643699704008168 0.5180668411810845 0.13264747882678665 0.20524877382251752
