1 0.5676740059874276 0.621201975310647 0.04536989546111083 0.1270968115274227
1 0.6094693036243318 0.4994823365786249 0.10806284191646451 0.15056083827094593
6 0.5741357789773451 0.5681634981924822 0.16443149991360254 0.10998762536027032
2 0.5337153266574465 0.3721411081059564 0.050044369538922835 0.12367497429399162
5 0.5830722735378621 0.301015777039649 0.05251909110952911 0.08603476472625526
6 0.6497767708989777 0.3758904640460148 0.03693109490534569 0.3146721519862769
7 0.6854202681711412 0.36613089542237964 0.03493481950505526 0.2762253664992318
2 0.6909100255219321 0.5542243998051517 0.053899435807799746 0.09996164226631621
2 0.7230167882099097 0.5888265067434895 0.059555549441951836 0.07925952700406129
2 0.7320000275112115 0.469049982726158 0.03892737030563315 0.11888929050609269
2 0.721020512809622 0.33448623352150364 0.04158907083935266 0.12539566958851603
2 0.6453284038820004 0.1667990998972364 0.03526753207176956 0.12480418058102219
8 0.7666021344495533 0.4938925210408685 0.045581621639930174 0.32591044312864453
2 0.7333308777780707 0.25286075048746803 0.05556299864137486 0.07571059295910412
0 0.763940433915834 0.28598413490707675 0.048908747307078525 0.1608850100380951
5 0.5799595931073638 0.16040341515087564 0.03461246953299955 0.12113502042839684
4 0.5544594541171173 0.07979734978972043 0.025541829535202253 0.14356845359656817
0 0.6986750496111344 0.16974376951254866 0.04391757332379378 0.1083656664317208
1 0.7606453288960573 0.1782021728059311 0.09248959405295266 0.08443494472101444
5 0.7593954695169647 0.1459835754781754 0.07699133775218646 0.09821117254391694
2 0.791266883683859 0.11398717537337007 0.06474271583706775 0.0751026613571132
8 0.7413974944580173 0.052216347393259054 0.17098076306005486 0.05288293906210911
0 0.5132981577733695 0.249083086926994 0.05724355956250312 0.16842549499612994
5 0.28713302805548396 0.4741814180912034 0.0828756757089632 0.08227074376948255
5 0.22089298068226135 0.4486398473130963 0.057468534250740715 0.17422039857066615
1 0.1998715957852803 0.5422026539528999 0.07531402646544506 0.18712561327960586
5 0.23314285245676256 0.2408121187712358 0.07591895840492761 0.16938094305481532
5 0.2580962949603735 0.2647405377107257 0.04053043994525874 0.16776779121619811
5 0.2202880487427813 0.3529261715551369 0.04476496352163001 0.15056083827094643
4 0.27019493375000303 0.3405586741257386 0.08711019928533259 0.1419573617983215
5 0.28804042596470597 0.2564059198778699 0.04355509964266671 0.05968661802883997
8 0.345989896544895 0.5585087711025676 0.09430729718429845 0.26406043211603586
7 0.5756570097277275 0.09972211365997717 0.0437200810807072 0.19944422731995434
6 0.6729941005249045 0.02383570209827692 0.14861964253226564 0.04767140419655384
