5 0.4200969695070586 0.674912716957445 0.08570854563283568 0.038851505413024845
5 0.4288044113940577 0.7105771848170577 0.09834287307671882 0.040369142343221906
5 0.43420433737150543 0.743067580838581 0.07890857973671578 0.027766941197428268
8 0.4148053503887132 0.5523740214966796 0.13940656545350763 0.29751897076898154
0 0.38053595601708706 0.46660811541019376 0.09349223124686307 0.09996164226631771
5 0.40595387963596 0.42004443181383094 0.04336647528035944 0.0840770859328745
5 0.41730770091999114 0.41579504840928116 0.06368383968336229 0.12717797475044956
2 0.476593332591387 0.5385996637806026 0.06537494946160965 0.11136890047477101
4 0.5195971180284387 0.4434993075059181 0.09051916079299857 0.06411374775038432
7 0.5745685257674419 0.5031490001895527 0.10898941020404922 0.32375434142236
6 0.6292946308911336 0.49430437713926084 0.13791441291213546 0.2262577989609903
4 0.6447237094938383 0.2671505693959634 0.06824857361376793 0.06692351358805038
4 0.621878397484176 0.31951438727974335 0.03548925827915963 0.17675981451500342
4 0.6574394963671364 0.31236225605659335 0.02413844287813298 0.1706294163237315
5 0.7066095121246434 0.23291109193757475 0.05559489027069682 0.07333636607615117
2 0.5625209086243488 0.24115832942698517 0.07301878970634781 0.06892355599795214
0 0.5607823660122996 0.314408924814946 0.07336649822876286 0.12517506806803097
1 0.5065255551087774 0.2473662401175524 0.0372996856087125 0.2245748897125186
7 0.511270160335742 0.2883970639071824 0.1511967741556834 0.20453705026073735
8 0.49917950920376397 0.37165993392482766 0.19574127832612873 0.12217921143893617
5 0.4777629314408496 0.19977783331185786 0.023233251270202756 0.08316906879492057
5 0.430743256251151 0.23630478920151782 0.025920089852471143 0.1680239970924397
5 0.3745567200160627 0.24908922376289688 0.018175672762402784 0.13964536213201115
5 0.3632561930376934 0.20225042724899864 0.023075201941832556 0.098454194951823
1 0.3974670117556037 0.19028958105191157 0.041408924032606105 0.11829114176574711
0 0.46440090231975645 0.05268310945624154 0.07033195112408422 0.07389684153062132
2 0.46866823418571335 0.12405116173296335 0.046940650525511864 0.1019944999072834
2 0.4425900950048718 0.12868727536511218 0.03650939485317636 0.09384617897805078
7 0.7154361188051915 0.6779585918490689 0.18053174828214671 0.05774099029484488
1 0.29475109769340513 0.5738630651209152 0.09683682349151758 0.06923263024009593
5 0.2165729758992062 0.428170866901581 0.03025064144977392 0.12702951352088934
8 0.2929479498370273 0.3618358817913962 0.08511818396912496 0.3554057506079244
2 0.25365655447668806 0.1691532702660289 0.04989656482384624 0.06780591938831144
6 0.43988031834655544 0.8303181083559166 0.16652108846794555 0.10248901869471323
1 0.3457763176116799 0.10585792793407518 0.044158982346222356 0.17895398620096217
2 0.2395513640150604 0.09874922036477979 0.06676003630294973 0.07201429841938545
6 0.5589154217267587 0.7586155575136949 0.18890656314077897 0.06656841027282076
2 0.3342229117079262 0.05519784988095304 0.052535596749763686 0.08662508077524977
