5 0.29602307804135036 0.6634121865412205 0.0782969759796051 0.04297037204157737
5 0.3497847023273972 0.5655109458111915 0.05882816032519897 0.11167379587156524
5 0.38780549122575564 0.5962613052908287 0.09201546530549798 0.034602122008473304
5 0.46592917203839584 0.6011071200089342 0.10197780322915423 0.07142909975661992
0 0.6004505279347113 0.09856707250183305 0.06449784338751535 0.13272099208767782
1 0.7385786623530763 0.3070096807528462 0.05728705466889643 0.14749584977757327
8 0.5428369756648318 0.6973119107925437 0.20685496437584555 0.07023501790155799
5 0.7588741289226856 0.8600967182095236 0.030307090168020325 0.13343992009042402
6 0.3599949971854302 0.6858315041881391 0.1424009785539409 0.20879561964503052
1 0.4707882819014649 0.8076782397316999 0.1463935293545192 0.06092336777178124
5 0.7334972340614311 0.2795663888735189 0.0538994358077999 0.05678294471932835
5 0.5436780328117906 0.29484021844843905 0.055099782810862384 0.06805108283348195
5 0.48828594346396664 0.46231444158577434 0.041135371884740604 0.1656169220980413
0 0.4406475532297995 0.5220010596146136 0.054746340523074165 0.09786454487611508
8 0.5506556167550829 0.18974690999246316 0.13192526716975111 0.05197079724217667
6 0.6171443223555945 0.4671600850449631 0.17391551287316742 0.11093376335531321
8 0.6392863436704661 0.4124089050663728 0.20048593845101365 0.13455191942450834
5 0.6254752141745312 0.21771666899574008 0.06286042620391084 0.03962988214071717
2 0.3079688041093088 0.40972433925382845 0.06807299114985103 0.0923905829704069
2 0.20348042253252074 0.5453823431223492 0.0552635573313305 0.07482335944786446
2 0.17914249827733197 0.43607517453764233 0.05636150880148914 0.07222080781489543
2 0.2682595592718954 0.3043209981185754 0.06331520144582889 0.08067910062204564
2 0.33212373645280385 0.4858489745181788 0.062217249975670214 0.08067910062204633
5 0.27421145984136946 0.48722594996517593 0.0541261417062187 0.06574099654224089
5 0.2530361563112671 0.3518876414410645 0.07788379932535798 0.08814435290579947
5 0.13789770835458068 0.44939733184310027 0.022518127656404204 0.12156575338257984
6 0.08996921646205246 0.5197291800991953 0.0964767487664258 0.16673973424680708
7 0.25252976708905206 0.191487744464761 0.1594861885389309 0.10467141907563793
7 0.20222550943460935 0.15990268467351576 0.138207590845266 0.0833698671234023
4 0.18538856077408752 0.15145551752004324 0.08511439077466253 0.06280285144538175
0 0.28816625351776304 0.1334593788017759 0.07994968259658922 0.10320234652720667
4 0.3524644522184209 0.2922725428595231 0.045222184807217604 0.15755803081911907
