1 0.43959068233727794 0.2910598767786306 0.1038815131005342 0.15811318668321794
6 0.44244726638896337 0.24365981481177215 0.13907141302045553 0.20733441941152775
8 0.3848326451711821 0.2875682691722683 0.14398057924339258 0.26994491775541496
8 0.5323257179104683 0.44603231610794863 0.023519498201994476 0.38289663724217887
2 0.317422232534425 0.5797058841368546 0.06630343464560882 0.07805178266753886
2 0.36647903712733104 0.3931460444481069 0.046865832825778095 0.12700574280637253
2 0.26061352721575376 0.34768879574775924 0.04108083228416228 0.07640627140236866
2 0.5583813503256028 0.7333203044242191 0.07875431115137452 0.07293425604667941
2 0.5724951402406824 0.21288715914963968 0.06276138829521728 0.07974115447296773
2 0.31042336396607323 0.12480159213519322 0.04691775688436847 0.10425925941302454
5 0.27636792038393465 0.4938910359839481 0.021333436560291436 0.14396186285666054
5 0.26985596980126814 0.4170064233085787 0.09109388562342925 0.049298618788144066
5 0.267855206981687 0.275701860664709 0.022724805311939492 0.07915756385266084
0 0.4913213643956261 0.603088092213939 0.05980586585472497 0.17215435287380976
0 0.5778758513682992 0.3877873428034287 0.07586367761698902 0.13767852604564562
7 0.6947851135288586 0.5874603507534921 0.07203477632647037 0.1746520677472069
4 0.37061296832346796 0.6108688848805567 0.10668329664889045 0.036245979305894585
5 0.2450063820483056 0.18498363877145102 0.06332507301537779 0.04080102184422096
0 0.5325239489104948 0.15353626857754515 0.042072731211754866 0.14755204319920492
1 0.36327682562684976 0.1407869560891348 0.05392959182597704 0.1723707048433113
2 0.8471650326641854 0.7533879102956154 0.049896564823847384 0.060142921649220804
5 0.846642555545612 0.684537036670157 0.038663306774498474 0.03901162485354822
5 0.8378257541696631 0.7023012587016763 0.02338085105619996 0.026704386060464456
5 0.8755747259866563 0.6737391762196145 0.03435287054626031 0.06432273859781375
5 0.8732235789530719 0.696495957384184 0.011363877328990952 0.023917841428067844
7 0.5025204534299342 0.7964192622033025 0.21036365605877413 0.09237301874936406
5 0.03084060439067908 0.8718842542312517 0.016276252000239987 0.08211369520297296
2 0.12908121465431638 0.6697729800040817 0.03562343990279287 0.11948365620729341
