4 0.20195626661940236 0.5127017927464699 0.08677500812424432 0.06376356152537063
4 0.3764318829545497 0.5486973516720823 0.07983300747430472 0.12999538994849766
4 0.5991362642157222 0.39886929545197863 0.03398060559927537 0.12362969685731272
8 0.3682278651582287 0.7934116965338811 0.18396447504353458 0.22646414607364473
8 0.1154391805266199 0.4849359256477965 0.03697298511627742 0.32802271879937434
8 0.02724209345961122 0.6123756749711172 0.023350365822523894 0.2748751772501315
1 0.32729036460274236 0.29417270774369714 0.052127979120609805 0.1889128935688081
1 0.5356968321892827 0.43327084329794424 0.046326284337262755 0.12760939861400006
1 0.1856640177462889 0.8209788240760719 0.09087709941739 0.17390062234192002
1 0.1043366736500906 0.33416363836457746 0.025817357789031613 0.17305066817602632
6 0.44089125414578006 0.5751884799186966 0.17914866237798668 0.12952703191327766
6 0.40163571753536537 0.41373554810640156 0.08854397523201135 0.2529463597700645
6 0.6652376933806721 0.5609070373564911 0.0555360051995183 0.31717229636167926
5 0.25035744188417053 0.8619410941549035 0.07279056220137328 0.02617663139523818
5 0.2343268939279139 0.7670508053471736 0.0654283846214635 0.05003114226347833
5 0.3584561378603037 0.6859300728915101 0.04782176932405356 0.09038998084425941
5 0.34620383353009926 0.6123322859408262 0.07491717361375184 0.05104826943646104
5 0.21601440551651419 0.6349700450086482 0.06295849278820496 0.13955944367251746
5 0.1144515867399486 0.5660970567681987 0.0458473671548949 0.13282529414422636
5 0.19178996372538243 0.4580092627585725 0.05846882425011339 0.028706005348521916
5 0.31731755851524446 0.4879105871655197 0.06521596435998447 0.08707357211401494
5 0.22934427723775655 0.3314304194647613 0.07070713071615015 0.08635985430980167
5 0.42304555167842994 0.46357799437469693 0.0707071307161501 0.11725749107397512
5 0.49977166822214164 0.5576628594448532 0.03051741351672618 0.1110395815636695
5 0.5572441512653118 0.6446368282741863 0.09796445973268036 0.04306478068248732
5 0.6138091770497843 0.5479249119097048 0.021813419700474807 0.1606907404681881
5 0.5453960716782299 0.27231096278012457 0.07314679660040092 0.06523047662200288
7 0.5330949143297193 0.9059440720021655 0.1819645624908393 0.18811185599566738
7 0.4385364509313008 0.8541478651325829 0.16282146978949083 0.20568890814635732
7 0.06959040106080294 0.6714130789142836 0.037655094434520496 0.29693998739673994
2 0.304767076585393 0.7334636558406562 0.06439861305877895 0.09428778012185242
2 0.41036597676187186 0.6802874999955584 0.05827758301721592 0.08334092148111782
2 0.279023433062143 0.5654656920558384 0.04780992183153907 0.11219394989801139
2 0.25477076362396384 0.412010330831697 0.047636067570332764 0.11003043020300769
2 0.3589444820728648 0.324074177913538 0.053199403928912654 0.11775728625659082
2 0.4764699626478474 0.47181166565802973 0.07232337266152773 0.06645096206080427
2 0.2109579376623336 0.16924732381324584 0.04748708915721209 0.08885267410864779
2 0.4828216199079078 0.0957656574217377 0.05318573877736617 0.09935412706231156
0 0.17429173389985933 0.3119702658788819 0.04396644952802649 0.16117838577885416
0 0.23542808773703375 0.2564135322704794 0.07658208365502804 0.10370590273568121
0 0.479482759287994 0.28399902992938125 0.043496220121311685 0.14791907756970352
4 0.3126020523639566 0.8360594206858697 0.09805380331995771 0.09550394082227522
