8 0.8301782261831377 0.5882482545628014 0.023823378362230686 0.23036605577251396
5 0.45585766070093414 0.38578953156233126 0.046737197867499344 0.17097359640182583
1 0.6391181617955629 0.761766674367331 0.09275757342945766 0.11889825484811518
1 0.2653315077142151 0.5668291042138898 0.05274902817059555 0.11206491890371428
6 0.39085375950445583 0.2774187197202333 0.04384473709897123 0.28238803834450976
0 0.40808781216477497 0.5568073022750788 0.10370616234061462 0.09584697961584049
5 0.35033099173847526 0.4549675185508958 0.07605984387357563 0.0686809701599772
5 0.32120971933387765 0.40607445022054356 0.02514824165560568 0.1666856357078316
4 0.5935817384120207 0.4136808145134637 0.038382747018665904 0.14048103028263656
5 0.5083466095820716 0.6937460573312871 0.030654375552824454 0.15261094095976563
2 0.3242750203413355 0.5676716659677197 0.061934142930036885 0.0780029343943217
5 0.7356653566311953 0.712245207792459 0.02025603739634222 0.06733929834098856
1 0.6962313883263636 0.5520327407492762 0.07410435306262164 0.22972566842120276
5 0.24664674009185522 0.48765161250222533 0.07669842358429506 0.043888542384346675
6 0.5188007347122671 0.5663318817897117 0.14318214038744087 0.22756212026628225
2 0.7695408628357295 0.65769288229886 0.053449213935306605 0.09289031300764618
2 0.5555868740656069 0.4777375100021758 0.07152127999235801 0.08871450994583445
2 0.46811737623457367 0.7498706330194126 0.058276355601667405 0.10590483465599626
8 0.23213189482140562 0.6746666703148237 0.16935012382809259 0.21922939698775334
5 0.19168083417490703 0.3144622702458286 0.020133336190877083 0.14998802834262012
7 0.07951704295814335 0.18010523719609622 0.13497838486903574 0.12306706734399576
2 0.3459336715913333 0.7470349218585608 0.057638320590476015 0.10817340358467843
0 0.7671154288870973 0.41502343254064106 0.0770383860576531 0.09933938330339681
4 0.7055947073190003 0.2598484642045241 0.02877537900475275 0.13600070727449493
4 0.7413884714468634 0.17062474054850627 0.0743948823049702 0.10792716678205336
4 0.801342418550158 0.30769412948887565 0.07095036366503626 0.13509781598035142
8 0.4887040621701513 0.2781682356104958 0.04063539710504072 0.36701600041743027
7 0.5078540768978138 0.23789611791763313 0.15646963253090385 0.08718705892269274
5 0.3824448341081186 0.13202611779722048 0.020551235317492013 0.10628517659147299
5 0.4711037815427379 0.16067054003376122 0.048378576009127726 0.030846596878104104
1 0.5859450811981923 0.29650131323287626 0.0758474136583066 0.20716110994400488
5 0.2293248998352261 0.14261817389815548 0.06670989200788184 0.068319546910063
5 0.2275703035544478 0.12021605572741897 0.053630174278447455 0.035992439676342775
