8 0.5134987020979719 0.6986189960351105 0.18890732482732667 0.19093563292261342
8 0.8320092812049339 0.6516713450297644 0.024627513396996092 0.34885936591102157
2 0.6472826305170652 0.2923672548167445 0.046211756365566965 0.11650014203944263
2 0.736005164453778 0.23137207952937444 0.07253730609841116 0.06430899078318114
2 0.571760217933677 0.25292567062283955 0.05517354211430881 0.08505545247347925
2 0.6465172346065241 0.13928523701816656 0.05871165767756455 0.10033569289967242
2 0.5329646962816824 0.14503778270072623 0.057409446717109895 0.09039264428531998
2 0.5686645592141467 0.04412434277470671 0.04279268477840667 0.08824868554941342
5 0.3789182983072172 0.5396093706120483 0.0960808039322011 0.049536003711430764
5 0.4504429838833245 0.3606462912441146 0.09272560125520378 0.1051974657515177
5 0.32858812302327883 0.4023999351711919 0.03202693464406707 0.1561694336929748
5 0.3570406506486711 0.2335829515647573 0.026342767227763204 0.10529454671140798
5 0.13302132722233004 0.13191146554019784 0.04353391939332722 0.08082065888191288
6 0.28186962736818644 0.7524186668012629 0.15477794467892309 0.16402092726018352
6 0.1664538477951007 0.48653459315233005 0.027848182219079264 0.303012081762619
1 0.2916029076471072 0.33939739468472413 0.04999251988726229 0.17417230674902412
0 0.5232796524937844 0.3730985980012171 0.053012202296558814 0.16045312738177883
4 0.4029956365234246 0.18341776190874826 0.06811061434304969 0.06740232491034158
0 0.9449324749249497 0.9311193574645139 0.06630869944437445 0.0677947605186303
5 0.46107757780730635 0.1230739605757012 0.066666140330653 0.07888826605793944
0 0.30650639211008235 0.5821303523413328 0.09951062159453679 0.09312895556889775
2 0.4669321472270786 0.2340931745291575 0.05189674752198817 0.0980624866437499
7 0.43484858705191043 0.556746560738567 0.16559879697978994 0.20381390397512603
7 0.1721018429608305 0.7467173187046139 0.09468854288844404 0.2317439574828285
6 0.5950357428404898 0.7901237859758584 0.1704818384291933 0.07971388244360605
5 0.7013193530768089 0.500605192692229 0.028761908844110593 0.13081342244654764
2 0.7488963439564407 0.6459060951491429 0.05057302305089266 0.1035428718387971
2 0.7778289248003857 0.3933457572271593 0.03928397382958182 0.11858428490838509
