2 0.4019244200772701 0.38970206992399 0.07687108719699716 0.13032449220153175
2 0.46085043559417277 0.2713692410673881 0.07661654717316622 0.10543613431582223
2 0.3264533030113437 0.4179842947941146 0.043526344075121355 0.1407323509537383
2 0.5611392049836349 0.29603134115413676 0.06338046593394744 0.12036914904724828
2 0.551339414066137 0.18788011325078216 0.07127120667271325 0.07964274523426944
2 0.6968090376856192 0.43947878569540566 0.0399627837414875 0.0932182131719288
5 0.50727409197777 0.8492181309704008 0.05316463307667193 0.14857198819827921
5 0.6656205530838288 0.8770966276117234 0.06808132868811222 0.03977785496384126
5 0.5813163408400889 0.6439432626967806 0.045859277020812626 0.13313682054564152
5 0.7179475354502637 0.5715781650125679 0.05490491423133916 0.05647095478199948
5 0.67745253165895 0.707706824222152 0.03576182152999163 0.1245352843867949
5 0.37510409430336217 0.2233336384589993 0.03702400346634451 0.1517984142120088
1 0.32777511844108514 0.278331561300529 0.03334474312187681 0.20091692547736234
1 0.6943342142046423 0.7198815319963379 0.05991872160984279 0.2419148386490914
1 0.28640292503610637 0.9171681031055984 0.06919399595982781 0.06490559085008958
8 0.6240560163698136 0.3395293553909664 0.18374717884819744 0.29524949885393625
8 0.1510442669632051 0.8108439719848115 0.08465349014801905 0.21412920151648593
8 0.10321406251433846 0.6883785802200592 0.10066379755337201 0.17786755107795854
4 0.5514160864857749 0.8078150170752714 0.024759802318118144 0.18018348353620867
6 0.5886527024535074 0.8490860480930192 0.07763470726849216 0.29820777903059076
0 0.6240337657660328 0.8454659233096429 0.07865286736381354 0.13711222617036042
6 0.4938813668640638 0.12307336322145673 0.17900034733728437 0.13259284987947004
7 0.5909057034768145 0.1309127624788295 0.21755535836845433 0.0975623629119797
