8 0.15006243967948213 0.31427454808609684 0.1243369472209524 0.23489632172532335
8 0.20206713013838182 0.42449512981874854 0.1436481352089478 0.23489632172532338
8 0.27812610738934596 0.3269228115636142 0.11823867733000654 0.3384916225887993
7 0.3192894291532302 0.316683741129433 0.18701360998900773 0.08552635303845109
7 0.5720348936058746 0.33269191417469995 0.1653341561596564 0.21113277709342018
7 0.2049869112860872 0.2451367497062976 0.027314911112628685 0.2157863636371782
6 0.28313928899457447 0.4086229941308328 0.09156892211161241 0.2394863103718804
6 0.5344253359044508 0.33638500866892485 0.1255871026670884 0.23523331495283295
6 0.5219086983689615 0.22905279659982572 0.17165674334395947 0.09760873641127076
4 0.5137045157826672 0.24494693950204494 0.0934014632900956 0.07255208760071503
1 0.35579813609348593 0.38657458486102747 0.06425036743996478 0.07895890005995901
1 0.3929210046576075 0.08095667597824098 0.04818555661886493 0.1262494429804264
1 0.6032375087976175 0.09045033030773811 0.02852742063197769 0.18090066061547622
5 0.28505944709303044 0.1007264917483977 0.0551942699418034 0.058293503426930154
5 0.4267560794606332 0.07317803318520101 0.04470839342149737 0.13792676885740332
5 0.4506794215132923 0.06980163591988182 0.021343076132509787 0.1093817676617262
5 0.5039782305672804 0.14780100250125122 0.018852771890067278 0.1054185648500397
5 0.570454671057879 0.05709541119059181 0.05335489285816195 0.06102864784961963
5 0.5714519781248143 0.20762007425541318 0.08677944931037143 0.05234000894980469
5 0.6474105564610213 0.17047794823325405 0.038922571023373174 0.08988561734625264
5 0.6245763323301511 0.4512454573238973 0.020479858115758053 0.1501535210953236
5 0.52820004877657 0.5529080114951191 0.0793802909781258 0.10629032279883348
5 0.4485644383679997 0.41873685854443365 0.06745545334777177 0.12424784534160083
5 0.43874167260988306 0.3824206350925975 0.06623847351933301 0.10601246505514686
5 0.4701223667574936 0.39385638205189905 0.04172502268934366 0.06150577418651395
5 0.3974512855735536 0.40745564870620404 0.05250398688409041 0.03307094390933158
4 0.2865418231647684 0.8312130208215947 0.09850698922264205 0.07330752686336181
4 0.3601038900519618 0.7248718553099261 0.0511625447900542 0.08416790121348974
4 0.41304821500883354 0.7155952855525284 0.023163142168631676 0.12263172703685844
0 0.39250332574808366 0.45131610247318277 0.09723391688151169 0.08905293056821187
0 0.5953893094794952 0.4737097094021438 0.06085820569780291 0.13616605719288763
0 0.5397881508270711 0.15735201473196045 0.05229640489621344 0.1411025909883985
5 0.25574479437646025 0.571558245047977 0.027184484479420182 0.09862278090208458
2 0.2980528238822775 0.19740246112342075 0.04362161462976782 0.09693692139948398
2 0.3604823085879185 0.15076034821816275 0.03729964149501845 0.1222248139384803
2 0.38253018989536036 0.1957166016208211 0.0403025787340243 0.12447262660861268
2 0.4357928135556214 0.1442978867915299 0.039986480077287244 0.09806082773455069
2 0.49450813904460644 0.08007832637348718 0.05057578507799187 0.07698758395205452
2 0.49031983184283606 0.03217181884127801 0.06274558336238409 0.06434363768255602
2 0.6593802588113594 0.3005673033415397 0.06247334195745806 0.08894840973376883
2 0.6379851843507514 0.10506264196453527 0.03878202563318602 0.11185792507647899
