4 0.3721096140198303 0.6161570035007297 0.10560255534150378 0.03851992279831853
5 0.2715995948239373 0.41225347165428244 0.08702958314098141 0.0735193367186701
5 0.2775166377422511 0.4950982621229097 0.022727754657982574 0.1497767739913003
5 0.9273445542676854 0.5493404833724903 0.05688955402657943 0.04951298313762063
5 0.9174437164701555 0.6567249064984808 0.04393557588010935 0.041068908493994055
5 0.8806328285705979 0.6063483248177648 0.06055984783475297 0.035503495660697604
5 0.8616876355313788 0.6385893370934258 0.0649857903681301 0.030513815189467
5 0.8827378500193968 0.6522150029956354 0.04620252205574922 0.02283738369525731
5 0.907566308133462 0.6997129228660272 0.060451898016860454 0.0510482694364597
5 0.018405443949776376 0.8402340767742886 0.01472435515982114 0.137427314824996
1 0.2241382999344485 0.6351839594443093 0.07344552289294644 0.11806636049873573
1 0.235826047767315 0.7211065987601438 0.047983776092745595 0.11621191504587541
1 0.4391768413338387 0.29152202822028783 0.10250447240682065 0.1577514931899338
4 0.17076097376417004 0.5083280935503486 0.054605522838485944 0.14444177801386898
6 0.1846865222923434 0.6261163975121284 0.0807631544820907 0.28235774579932177
6 0.14755333411099708 0.4990958820118639 0.042442715206506026 0.27663833430686796
8 0.5327360133212302 0.4444789900236094 0.02439783615320745 0.3852250985605469
8 0.3948507500993844 0.28191208821087327 0.14528931860030728 0.2688787031171048
0 0.5777137527335409 0.38586240292439383 0.07782014929677138 0.13557295887012458
0 0.49230701525693216 0.6036054953875636 0.059839287955001465 0.1726317439900893
7 0.7842845673537291 0.5270033792980462 0.12625185182023535 0.21901754939424037
8 0.02124672926193616 0.7291923540576967 0.04249345852387232 0.17464858200790473
5 0.01094218608584417 0.40628313474127664 0.02188437217168834 0.051466983881598975
2 0.8656635712832563 0.8092824083198694 0.06098452746235798 0.0651892528013182
2 0.9587842714302494 0.7201523886949168 0.04512348101017507 0.07720473584602254
2 0.879577369909363 0.687506203696829 0.050585284661962146 0.064597171023731
2 0.879026362320094 0.5678718781281148 0.06347449291770405 0.07081508053403783
2 0.3182600491055601 0.5803548262761288 0.06547919307776903 0.07604678900078761
