2 0.7006343096783917 0.811767394347904 0.07515877500007799 0.07323015756079308
6 0.5767546575187908 0.7398922579414673 0.17572535355346341 0.13284455536861062
7 0.6591096378573792 0.7124568716519621 0.20258020078459948 0.08564138175548308
7 0.7767029215942338 0.7229283069757767 0.0536427322949875 0.30404560422361476
4 0.6742217227544836 0.6010573440774166 0.07690796190906762 0.13073122638223758
1 0.5691273301671047 0.6222361257553618 0.048383640893517835 0.12752712305074126
5 0.5054097434352518 0.6448881769620418 0.08290414299850213 0.03767924085968649
5 0.4292354988880196 0.44515667483299537 0.017249819796819308 0.15258377186129762
5 0.4699408663353921 0.5135949842707828 0.06079509660098559 0.06881228927078112
2 0.47120304827174536 0.48031077913437203 0.053642732294987706 0.12565722388577377
8 0.4878508777567487 0.47209131573210406 0.08435940015808491 0.34451460519714106
8 0.5188504163690572 0.4910637109483799 0.07114648206103504 0.18249637303275082
2 0.5526217685708669 0.49274252324777346 0.04789980448457989 0.09297138648215407
6 0.5903399721022101 0.5721384417922704 0.13583181271715158 0.10531272097093552
1 0.6176451746586378 0.49788474595143556 0.12009661124395561 0.14439361351874339
2 0.6617268787857513 0.4326813620690351 0.043040404029623745 0.11683129982713761
0 0.6629566081661511 0.3296367466634213 0.04243214544214756 0.09008068661669952
0 0.7253618847435354 0.4878059894522658 0.05553600519951514 0.17442419410811041
6 0.8414089956083595 0.5727555085167129 0.13305501245717452 0.13534330156030286
5 0.4495584186509106 0.21867276935800084 0.06182257528471009 0.054829770556218765
5 0.42858290203645566 0.2580642815191624 0.03204134034019165 0.10227266672521287
5 0.44080485659920915 0.20178186202487036 0.03854348970928105 0.10610518732779012
2 0.681149680002887 0.25483445568876456 0.06425653494158874 0.07003622326966796
0 0.3739043807504793 0.5592390687861388 0.09424598922370887 0.16864351303356515
8 0.47582623643646677 0.051469801480886083 0.15316416731005655 0.06104854865474831
2 0.45771931899271856 0.31039833980989867 0.039969094651167596 0.10508833307113816
5 0.7085181763607917 0.28318085117648917 0.06422549980074538 0.0431682205968722
5 0.7392659547888876 0.3880362035730364 0.04267331865955553 0.09042337332125933
4 0.7178215556038278 0.3795741840671905 0.06936785022103448 0.11899358322516389
4 0.7816260694662753 0.3882282628472053 0.018950114471409082 0.17029990742094875
4 0.7997069126316693 0.3754016817982591 0.027990536054101685 0.20275270284599314
5 0.7660351468689162 0.11915961484284546 0.03951233209218158 0.11571126586025521
8 0.22612823170413499 0.5366981078982954 0.21140668955278874 0.0770941773867719
1 0.20004118828175602 0.3240675893784795 0.07114648206103467 0.10476143249442625
