7 0.687612202212466 0.38731265520823627 0.17420196972800958 0.1239387710994577
7 0.7016074702395168 0.2859363037852385 0.1764620751236822 0.10539431657086056
7 0.39831883173321037 0.6882126002961101 0.037671923527005324 0.2778445771240991
4 0.6398495999318478 0.565333634591087 0.03927439997079674 0.14240315592766353
4 0.732647112451246 0.38872760368845816 0.026425847703250804 0.17091805590523662
4 0.23189679837626276 0.7872256397921562 0.06762930760897777 0.1393924832066222
6 0.5889246983542045 0.7006769339804124 0.12032801126561879 0.21952616196711183
6 0.6213207013872547 0.7395708366117233 0.12958401213220536 0.24794862927460784
1 0.6929639276124494 0.686049342051281 0.05962801726968765 0.10360224277638924
1 0.44337217153995845 0.14471479331633672 0.05948401994968407 0.10472763576755975
8 0.323764357189221 0.6998059413263814 0.15364961438532862 0.1546780589260603
8 0.4779924716287111 0.7002173191426742 0.05854420548115691 0.1974613518205026
8 0.40215149907751685 0.20112372567941 0.12539450845783373 0.07593334123279945
5 0.6803934170956798 0.608378050259198 0.07279056220137389 0.06903031021163406
5 0.47334796363160053 0.7959914599751982 0.07931202659957882 0.1003852703820756
5 0.4113495225487776 0.7916490945897141 0.072559009842006 0.12439599663122337
5 0.41041559469932365 0.7552498553290387 0.029885691182449957 0.20281400682790682
5 0.4163144927710243 0.6833503307354559 0.017960150950991557 0.13486876020797903
5 0.4140155934492975 0.6125953182778612 0.020833775103150372 0.09859723757628708
5 0.20098841290483915 0.6260551111224859 0.051600012950106036 0.05219973416058771
5 0.40821409428979577 0.32362096455286266 0.058685446451433504 0.07030913391282859
5 0.3259239812392358 0.3289103680572179 0.03330791630911168 0.12585893256323144
5 0.4337759110522456 0.2598891192828427 0.04224227503673275 0.04367908711281174
0 0.5776195722744365 0.3057624492701912 0.047260430271039044 0.07641887552480624
0 0.6905476555633905 0.33354380949885276 0.0844275525696196 0.09520694160687182
0 0.39867726817176696 0.12748670689768532 0.07654721586385069 0.10848716809184614
4 0.23208222805830417 0.7879137586136556 0.06805264469430297 0.1390950195671147
4 0.6399268731067075 0.5649573865346307 0.03894829429372002 0.14376037080771584
4 0.7324779997550945 0.3882512736379148 0.02702643515105161 0.17139571609763865
5 0.3913859206712684 0.43877149834183027 0.023867704734871466 0.13679400922672585
2 0.16324651813933821 0.5262018001996988 0.0472947472371317 0.07718472873799137
2 0.2854830502716122 0.5845533908220356 0.04835165383937753 0.07908375637144814
2 0.3795565840937573 0.507550611563724 0.03761120646980983 0.11948865354119402
2 0.35107595103864525 0.38978460800272613 0.04093134411725472 0.12806879644326954
2 0.5536932289717287 0.6756240312207045 0.04181531033096114 0.06596185831840576
2 0.4995737196514025 0.6385887524844301 0.017089666052574688 0.1005188935788739
