5 0.44615742108907513 0.7727368099660791 0.04297844311070667 0.09699079653890774
5 0.48284679449584217 0.631922173892929 0.07758808896465046 0.11232417553567134
5 0.43958162637495213 0.587924168454422 0.03259507480825351 0.14883800256200136
5 0.5343340656077855 0.6296980733293928 0.04297085590217258 0.12083354394931095
5 0.5388177236943134 0.5659516948634148 0.043245454984659745 0.11715443629641781
5 0.4061179149204026 0.5158379828996335 0.07871575117751631 0.03971655998087362
2 0.5684961106577211 0.6680130634313299 0.04372008108070562 0.11145412703173876
6 0.347688666066801 0.6441442822264798 0.0640471690926018 0.3201138508552129
5 0.3839770304960928 0.48613764439592977 0.0954438071308116 0.08630801222026165
5 0.377985969009529 0.46263248362104986 0.026443305871740798 0.08704254849447711
5 0.29045301736928025 0.6125568753767596 0.05554311717669955 0.04287238811072889
6 0.27556039565700113 0.4516100233696877 0.09948105744772998 0.23482113597472287
7 0.25210415970360694 0.3800398534630347 0.042587208539496275 0.3152636409937718
6 0.2936932305429597 0.18217861430784532 0.14639352935451894 0.16798287812801305
7 0.4793468427698267 0.2398487925384137 0.1869844624937259 0.14018289477584228
1 0.49548340225549486 0.12480418058102369 0.10147733284801844 0.060331878764286355
0 0.3555777679519158 0.38269338784797424 0.07918559087812552 0.08399143906400655
2 0.33112339429837556 0.4353359095148518 0.040258220572492134 0.13959140576834855
0 0.6994362056516743 0.3288678881661113 0.05157044784079616 0.10765099936372734
2 0.761819811910702 0.2833232345891499 0.06055368714209621 0.08044250501904886
8 0.802202379088043 0.230680712922272 0.03693109490534415 0.3300508661810969
1 0.4618412390316856 0.3125415351421218 0.08045594795103678 0.060224335308379076
7 0.40088024435796904 0.04928738399982694 0.1670266624789224 0.09857476799965388
4 0.3722471022187246 0.0474694067211448 0.09021712245460133 0.04241946983591666
5 0.4562358964887865 0.2548720010688789 0.06610826467935099 0.07088275046174809
