8 0.3389864889944916 0.5666600702081781 0.21746073071595365 0.12122853921564718
7 0.47456351385790646 0.6144754202261687 0.18220580202008022 0.21317050937552753
7 0.5518444092037808 0.1740098812980881 0.1670287429106664 0.143982235702449
5 0.8441125140998939 0.8514728937516967 0.018602161690944467 0.12654249936257966
5 0.6084529655903079 0.47511753456542233 0.04255909198456283 0.16177432625711063
5 0.45563277811727537 0.46513009840623076 0.07386942004239423 0.1164146312217656
5 0.306905398556287 0.6348167757331175 0.01640836517258446 0.15744550969021182
5 0.28344985090573405 0.6697838901179981 0.07720346177356979 0.05086125728709969
5 0.30042501844065755 0.48991056301648345 0.06395055144186734 0.07591790609765525
5 0.5187935186519885 0.2756762918665169 0.10307819146879944 0.05123523712009288
5 0.7150485970890991 0.2093728852690309 0.05582868415418987 0.09883219103600936
4 0.4477506094086573 0.3935964519622454 0.09382219060221281 0.04973931778811827
0 0.5364254567622488 0.4620801221394981 0.047548036482558384 0.16168702440489502
