1 0.6373308628834586 0.767632681053212 0.09138272811245417 0.1218312581910557
1 0.3193027081750909 0.5227936545747002 0.058884701486147224 0.10479300978898609
5 0.3532181669041805 0.42588190206673365 0.059836669132935054 0.11120951863261393
5 0.31178350714390796 0.4312998949496319 0.06379843860038789 0.05191067018036393
5 0.4613319041775084 0.5647292529321806 0.09809218816621951 0.03851730645293455
6 0.5446977177529297 0.5467193960000332 0.1766306498435962 0.14630771761261768
2 0.41557028146410985 0.6532483386096954 0.05086903539400774 0.11707012316619922
8 0.23327524066143057 0.6679313307015134 0.13821731776012808 0.28640583210412746
5 0.19168083417490703 0.31547225762287423 0.02013333619087708 0.1520080030967113
2 0.3459336715913333 0.7470349218585608 0.057638320590476015 0.10817340358467843
2 0.5584528174583427 0.8246597809394806 0.0736765763508295 0.07585562343811919
0 0.4574145102866507 0.4467191816732948 0.06299723902693774 0.16203312960013214
5 0.1945522934822018 0.06640892820227745 0.04093093963527625 0.10196574755099112
4 0.27060736292177207 0.32208752462291684 0.07732185849069048 0.1327555418294888
2 0.5987631113751627 0.4671774492559234 0.04260325255001281 0.12568959691726997
1 0.6603024487506132 0.38182431644659576 0.1248004837747268 0.09447262427678277
1 0.6339333142756307 0.25836831336301974 0.15016316273539734 0.15745437379463856
4 0.6969821491034538 0.2651868182844941 0.038495668876092036 0.1270968115274221
0 0.7824485313562368 0.4024416210975746 0.04874451578466534 0.1430950115798243
5 0.7273297327381948 0.5599794521691562 0.032996287608079544 0.1275412059733222
8 0.8308349571543927 0.6491289971200849 0.02391338302006368 0.344825078610263
5 0.3096864994551212 0.36671759016582406 0.08881500747841686 0.07772458858792321
5 0.30666183975771377 0.409001721693216 0.07891612119599221 0.0449727179250863
2 0.3771501591604789 0.4463315217404926 0.03926008287234827 0.12243822455105205
8 0.17622777247227045 0.7745500677360685 0.11257233705595401 0.2920840426938225
