2 0.12875701678641968 0.669994196341829 0.03563293948676729 0.11903189821385965
2 0.31718779173489503 0.5769333158547174 0.06590656992975785 0.07670660736828841
2 0.3691720289674045 0.38783003866976534 0.04741465482940919 0.12530025590776186
2 0.25763551073020907 0.3471430607247212 0.03922496967696586 0.07484194458511
2 0.5587726607272515 0.7333215761902971 0.08044710813968108 0.07221098202802054
2 0.5720636647531248 0.21339831815589477 0.06392120431772362 0.07883837339502524
2 0.31026146141501376 0.12533708958298345 0.04650046355311318 0.10449542371486126
2 0.7582334738910049 0.19367767604225297 0.04636984427347138 0.0905627005528801
4 0.7614088138589554 0.6189837629561538 0.04288008541688614 0.13378376416887044
4 0.3724931307054778 0.5991491580923249 0.10567099723165219 0.04644241053993814
4 0.17063120273689233 0.5075550871210567 0.05486009745030151 0.14327483651570816
4 0.33729692810131495 0.2586740471539761 0.025530131930334744 0.14397147267380533
6 0.18457644541557613 0.6286133502150187 0.0807257868518907 0.2771903121583813
6 0.14707191801322061 0.4995191037324755 0.0427689852425375 0.27627936352108545
6 0.44170955454583605 0.2413263381194195 0.13980990472260613 0.20902399612239583
1 0.2360512128244046 0.7212572242082917 0.048164503302955436 0.11536015068147697
1 0.2231774098712777 0.636802740318101 0.06982194220947457 0.1264500177882851
1 0.4397235498239933 0.28971049406004457 0.1037909939397426 0.1554643437980721
1 0.36179734523690255 0.13601002647666116 0.05373677164536653 0.16774302050867346
8 0.320007964622039 0.3699229949715462 0.12426972408711576 0.30774104446886014
8 0.38437943022034304 0.28736103166361715 0.1445632952776798 0.27067774110648657
8 0.532069321305116 0.44529859876139716 0.024013259376983894 0.3824745009663021
7 0.2594246013624344 0.6366511875394544 0.1009910341878367 0.29340182723185876
7 0.5007541170798607 0.7961028949920274 0.2116790807564552 0.09811614726681156
7 0.6766357625188203 0.5250612357390809 0.0679020928472745 0.3229190636344401
5 0.2608798362642063 0.4386296660156037 0.09261690642407223 0.03821281539226119
5 0.2717852399216505 0.49159375205561595 0.035086950897857454 0.10761403158261638
5 0.4558203811115431 0.4644213720602404 0.07023712152706059 0.12641136503660294
5 0.234810320025344 0.28192230725735545 0.026447705382376605 0.05834087935595512
5 0.2433383556384378 0.26666539966262626 0.03119749736941559 0.09499583974078123
5 0.30287268020325486 0.30264867229170966 0.06908788344784123 0.12934787067734804
5 0.32030657579204636 0.3020729399296449 0.02364101011730861 0.07829960124088733
5 0.24339017169496413 0.1841315024290292 0.06468067600682474 0.041712840557351354
5 0.7225268736396732 0.20739711980352657 0.0676607868553719 0.0757011291800997
5 0.7524386886780522 0.32350314615337067 0.08594748600547267 0.03250968737795698
5 0.7293190761811306 0.39943648738617005 0.035528444063053305 0.12353681203623625
5 0.7317355328545413 0.4623659536677904 0.03147924639410228 0.11982141919304277
5 0.7237677567962845 0.4684034670379822 0.012147593006852853 0.07941652202329261
5 0.7395036758108846 0.6650452138201041 0.022324022339082598 0.09626245093732527
0 0.4916464572238855 0.602957570861364 0.05995364197675043 0.17315266267593188
0 0.5776518315629893 0.3868432000759002 0.07668711461779018 0.13769257487483386
0 0.5323191218784874 0.15426454244136859 0.04363741956260505 0.14742841350234748
