2 0.6772708785036856 0.5501404424391304 0.04235722000281847 0.10986184425274882
2 0.7265048975261971 0.5889592972829859 0.0598292756715631 0.07979499852123667
2 0.7282655934959894 0.4666292640798711 0.041566973360981134 0.11267161009041543
0 0.7324539006977625 0.29972917332250093 0.05057578507799041 0.16830497367620736
2 0.7326119500261343 0.24929387653639273 0.06227143537727664 0.06574852060138951
0 0.7041719470222977 0.17331452243257647 0.04928210717597626 0.11266337810981612
5 0.7663348496526703 0.12018451240517487 0.04001699749080375 0.11505051701939079
5 0.6883195162655562 0.09654110340302449 0.05759122784284854 0.04369808628075905
5 0.6194236043263948 0.285607981625936 0.03856752584517227 0.10153825294606947
8 0.5500121654166324 0.4278203774755209 0.15323309434633195 0.2891574670721489
5 0.5807947597998103 0.15501042851878288 0.03683463685949199 0.11053293708505343
1 0.47625451989169365 0.31078903649837436 0.04188340392130182 0.20322064124859984
4 0.4975433218848433 0.13101693077845916 0.031239002924727196 0.15632357019122983
4 0.8006773502655329 0.37846759098929417 0.029387802751410334 0.13081814558108162
6 0.8299209840764759 0.5668786308513536 0.11384881065900739 0.1283498786833263
7 0.6588006680554669 0.7116836221863916 0.2024750189565701 0.08474383015629805
2 0.7002212719334346 0.8116484315455117 0.07613060712766993 0.07322525130010335
6 0.5768850603861825 0.7404800693268744 0.1751698164001371 0.1316409012136666
1 0.5682075595737576 0.6228260138671631 0.04766840446291742 0.12917263431591047
6 0.5801246606894896 0.566467253035067 0.14971581401702955 0.11024925476644734
1 0.6109008635708881 0.49879560225491376 0.10852661016072257 0.15426668110977115
0 0.3636195083551245 0.6537812552442275 0.06719856629141503 0.2220041523405264
8 0.33658857707097395 0.5030134817134203 0.15331728091381425 0.35637385795296583
5 0.29059296799266926 0.49709146747061966 0.06201520580612582 0.12547023396927706
5 0.3411538727263953 0.38869341287748965 0.061783805784463706 0.1538553032934731
5 0.3634839748170347 0.28111811391694536 0.07404800693268766 0.12053370017376423
5 0.3666078751095072 0.24594531062391845 0.045585804267935064 0.12917263431591142
2 0.33097227177315036 0.31176576123075167 0.056693005307838835 0.14645050260020614
5 0.30227866908673373 0.2132407742286474 0.058081405437826875 0.09749654246137329
5 0.2527590644504979 0.2630174900000652 0.044197404137949065 0.16331699306820568
5 0.2170077611033099 0.23936326556323487 0.06942000649939542 0.1744241941081097
5 0.2502136642121862 0.1131288994804955 0.06872580643440031 0.03866951473151414
2 0.40212777843502906 0.16228854852747482 0.07404800693268733 0.09502827556361637
5 0.21145416058335903 0.3317762088400737 0.053684805026199135 0.13452054592771737
5 0.21735486113580765 0.45313266464642427 0.07242820678103591 0.15015290294684058
2 0.2697669660428497 0.4251589731385193 0.09070880849254297 0.10490134315464233
1 0.19838005935930558 0.5471324956693084 0.07381660691102276 0.18182899480137876
