2 0.3176409359699224 0.5805476301595571 0.06439846028335725 0.07794693434746398
2 0.5589604697271979 0.732967610817576 0.07752177675141023 0.07155400567060273
2 0.6247493333803165 0.8610737470323303 0.04937461018238709 0.08530449083154452
2 0.5705454723156915 0.21540627980640625 0.058544753675962576 0.07454985736902418
2 0.8785459308987923 0.6851421148081921 0.051996310733435094 0.05960174125862064
1 0.2246160126564103 0.6363436140866616 0.07419256275606205 0.11751763595244258
1 0.2372403120297216 0.7210845174480768 0.04989659229871085 0.11587568027547329
6 0.18499578312673784 0.6267223367558564 0.08067449890720182 0.28152114961141406
6 0.1477535540759303 0.5010862258384958 0.04395021535509687 0.2760711198397292
6 0.44234632177873334 0.24314189739930456 0.13975700329868926 0.2125013441304009
1 0.4393929222704955 0.29077170019039517 0.10284595753019143 0.15737711799811654
0 0.4921451622398487 0.6029125785878456 0.06006467863647531 0.17300972777021797
0 0.5779650634576592 0.387308057873921 0.07635504570464964 0.1373582832782073
8 0.5326874278709995 0.4456275248294105 0.024479265392986685 0.3826596344548108
8 0.3956458850419828 0.28168907653763525 0.14518366547555514 0.2688586397695443
7 0.7846576980517583 0.5273619271600566 0.125825843412148 0.21885093277241208
4 0.37127472187119587 0.6146109690333538 0.10644798994728824 0.038833088239108256
4 0.17150573292163876 0.508149190942856 0.054745906687587206 0.14470364602035388
5 0.27102019554932044 0.4111785926897027 0.08714271253187057 0.07211810692292639
5 0.2774056529331224 0.4958172042867482 0.023663753834085196 0.15124769646336256
5 0.9260038173759461 0.5456980037104376 0.05784473159443208 0.046075457200759055
5 0.917458572935863 0.6443595805425 0.04751531523828147 0.0470770975746899
5 0.8839349216709109 0.5979502432170974 0.057093501313988056 0.053086939818267107
5 0.8615314216910767 0.6303070493228144 0.06437077615271772 0.024877594648392214
5 0.8759915235804531 0.6470994257104791 0.06553691340185913 0.028194607268178604
5 0.906369398920636 0.7010008807819915 0.0602892957807143 0.05058444245172715
5 0.018520643526574312 0.8413596123963941 0.013862076749951295 0.13372232872084336
