8 0.8301782261831393 0.6484488428665657 0.0238233783622307 0.35076723238004165
5 0.45585766070093414 0.38578953156233126 0.046737197867499344 0.17097359640182583
1 0.6391181617955629 0.761766674367331 0.09275757342945766 0.11889825484811518
1 0.2653315077142151 0.5668291042138898 0.05274902817059555 0.11206491890371428
6 0.39085375950445583 0.2774187197202333 0.04384473709897123 0.28238803834450976
0 0.40853800482762387 0.5561670282656914 0.10028469810296103 0.09584697961584024
5 0.35033099173847526 0.4549675185508958 0.07605984387357563 0.0686809701599772
5 0.32120971933387765 0.40607445022054356 0.02514824165560568 0.1666856357078316
4 0.586914272545066 0.40494682413803745 0.051717678752575914 0.15794901103348902
5 0.5083466095820716 0.6937460573312871 0.030654375552824454 0.15261094095976563
2 0.3242750203413355 0.5676716659677197 0.061934142930036885 0.0780029343943217
5 0.7356653566311994 0.7460405725367808 0.020256037396342342 0.1349300278296252
1 0.6962313883263636 0.5520327407492762 0.07410435306262164 0.22972566842120276
5 0.24664674009185522 0.48765161250222533 0.07669842358429506 0.043888542384346675
6 0.5177731729463926 0.5718122112077105 0.14112701685569123 0.21660146143028822
2 0.7654008911081681 0.6623412716069993 0.053449213935306605 0.09289031300764618
2 0.5524710006074954 0.4777375100021768 0.06528953307613336 0.08871450994583469
2 0.46811737623457367 0.7498706330194126 0.058276355601667405 0.10590483465599626
8 0.23213189482140562 0.6746666703148237 0.16935012382809259 0.21922939698775334
5 0.19168083417490703 0.3144622702458286 0.020133336190877083 0.14998802834262012
7 0.07825650350216559 0.18314653874067732 0.13245730595708 0.11698446425483264
2 0.5894894514827892 0.04564230888505974 0.07404352237541557 0.06064369235469322
2 0.3459336715913333 0.7470349218585608 0.057638320590476015 0.10817340358467843
2 0.6453790698048586 0.08648421944369698 0.04985737175650122 0.07647533160666364
