8 0.5151971512977623 0.7016384612791853 0.1923042232269122 0.19697456341076658
8 0.8301782261831389 0.7213266197004797 0.02382337836223068 0.20501167871221324
2 0.713963731680684 0.17797498389843366 0.06828748736111388 0.08358475196931225
5 0.47779048398094515 0.33790286945525544 0.033726106603838346 0.17714434621225
6 0.5950357428404898 0.7901237859758584 0.1704818384291933 0.07971388244360605
2 0.7540278087023742 0.3506334365065012 0.06039952230962851 0.09072396131485135
4 0.7029098754893808 0.8214419394465889 0.06605981438545866 0.09774866982841317
2 0.8821818407544789 0.6620572613124216 0.03643292521273861 0.10714440436413306
8 0.8273449266146929 0.19375644822068236 0.08430343899701728 0.25184822198845097
2 0.747673179764162 0.09816262238769316 0.05636650064232394 0.06978138283995594
1 0.8635694458241429 0.3662009925073661 0.04217166463161756 0.16002366447918567
2 0.4663890577773171 0.23286932703136165 0.049829329029088015 0.10137059173095836
5 0.4370314224804345 0.18371450721767807 0.03471599439336456 0.10067438953332328
2 0.6322184441317493 0.2718268035750861 0.051653911523806946 0.09698921255929494
7 0.40855660395930854 0.1400382478699933 0.17597904200429149 0.16107772945162696
5 0.47084727807360266 0.1315374218579887 0.061513464863422615 0.08366012256820722
1 0.26805517332445317 0.5548207651678658 0.05514585390760535 0.11206491890371456
6 0.2582519056269969 0.2968472497036012 0.11509064413730924 0.239065243727448
5 0.21604626827520182 0.3592821562323505 0.06183810401483789 0.11249102125696606
5 0.24888278087222798 0.16838830197810506 0.023009527075288784 0.10226456477906008
0 0.41101080671547974 0.5606535344767368 0.10061211094866977 0.09667105010029267
5 0.3615010866302876 0.4355356660355946 0.08527616390499179 0.042332165909788486
5 0.36856738951333506 0.34898222670574824 0.0370418522992334 0.15635491309195212
4 0.4244272951196653 0.3385937809034674 0.08894006247249059 0.07712100443049004
5 0.32345045316848237 0.1498879198557498 0.06663175548885629 0.07158519534534204
5 0.28917584512925015 0.06902858122586551 0.05800318283562309 0.05965432945445169
0 0.5316508017062915 0.33212068302450803 0.07931314257012317 0.12783070597382504
4 0.5938593242441215 0.4196653483277942 0.030287161585843173 0.18516084077420733
0 0.5890727452255865 0.17023133148138647 0.07277634510555267 0.10846241718991217
2 0.5325196587938898 0.14493729595239707 0.05876295223066764 0.08665069225518468
5 0.4827250218185912 0.7132655930823146 0.08004144922904849 0.10918471962869074
