8 0.5134987020979719 0.6986189960351105 0.18890732482732667 0.19093563292261342
8 0.8301782261831435 0.6498666984469946 0.02382337836223079 0.34793152121919385
2 0.5322768197497326 0.14504758201405996 0.054187194005467475 0.09013698423628784
2 0.7345645479326657 0.2278043086788641 0.07541853914064843 0.05717344908215831
5 0.3792154254646979 0.5547518509340168 0.09548654961724024 0.05587471640434845
5 0.44912472972796924 0.36088064753840043 0.08323417133664752 0.1272269574143402
6 0.28186962736818644 0.7524186668012629 0.15477794467892309 0.16402092726018352
0 0.5232796524937844 0.3730985980012171 0.053012202296558814 0.16045312738177883
0 0.30937862129906046 0.5803695988155215 0.09852019773626859 0.09665046262051784
7 0.43484858705191043 0.556746560738567 0.16559879697978994 0.20381390397512603
6 0.5950357428404898 0.7901237859758584 0.1704818384291933 0.07971388244360605
5 0.7027840682657265 0.49292497847210426 0.04936494933872886 0.11157933624951566
2 0.7786231130083371 0.3953262809650465 0.05780544471231981 0.09640906624075235
4 0.7029098754893808 0.8214419394465889 0.06605981438545866 0.09774866982841317
5 0.24243793467670624 0.6083991178480092 0.022169444067494663 0.13507736720729566
2 0.8827548132344689 0.6617662276717922 0.035286980252759094 0.10656233708287327
2 0.7696562486243433 0.5038193845812259 0.06428854266897756 0.09187221898519267
8 0.7514937293966766 0.2541457531022012 0.16034764180591737 0.18322401189581572
0 0.5894889191147089 0.1712611094538019 0.07257864646654967 0.10150899226917147
5 0.386231550400602 0.37433165226801646 0.017366709809385563 0.1567319503163279
2 0.7586197399700443 0.11980975268247131 0.05833442157821247 0.062347014859931146
6 0.11495892405930797 0.5685409570800743 0.09506721666758633 0.2007683501883704
4 0.5723215117058359 0.40565835814356066 0.02277465972449474 0.1852853672501139
7 0.10540214813458652 0.7514985554335751 0.1135969532174364 0.20496432023311925
1 0.7216522503869456 0.6555961332491822 0.05044394123384528 0.20094541199325391
1 0.863569445824143 0.36514268835962144 0.04217166463161755 0.157907056183696
2 0.4663890577773171 0.23286932703136165 0.049829329029088015 0.10137059173095836
5 0.4623933141753107 0.1454324065461668 0.04205339702207084 0.10691295408719917
2 0.64896561118974 0.2887940648238028 0.05057344913296847 0.10851414472823531
1 0.6029596813766684 0.08696361663976887 0.11265080963943333 0.12511914554407727
5 0.3364015433281801 0.3874556047479957 0.03898607795720893 0.16610620208774132
5 0.36751234139456024 0.24496697782250532 0.017366709809385518 0.11548524252210664
0 0.2504817250176758 0.18359103550292802 0.09350812069458896 0.14248856486794453
