6 0.4555808968615366 0.6519505480472056 0.1444837442232631 0.17064746722563015
5 0.4341872353536387 0.7415547274552117 0.0792996652162477 0.027844247810213715
5 0.4284020284606398 0.7090697716766334 0.09877182500244382 0.035620569270724656
5 0.4230401293890804 0.6853645336760497 0.08071069128771156 0.058949533652255394
6 0.5592544339722891 0.7564381419072975 0.18847879436737006 0.06310401131781036
7 0.7152368844832152 0.6777803249829796 0.180479694341171 0.057771277967010336
2 0.7042381219471889 0.7386623640712899 0.07499156274563878 0.07554705580301374
6 0.6289262322801932 0.49894310318157126 0.13998425045852436 0.2164200951533383
7 0.5745573492896051 0.5013872726340218 0.11073754098772583 0.32085278993985666
4 0.6574786548647811 0.31292900484610675 0.025497131333516266 0.16975867833383057
4 0.6441051595084766 0.27004494081674857 0.06624254709198053 0.07421387246531284
4 0.6221076344364219 0.31781734375100734 0.0337462032355352 0.17420262279283075
0 0.582862049932871 0.31026263817070626 0.055243784555952316 0.13242954487822348
7 0.5046208528015906 0.2602682630069469 0.11723680975901025 0.21375372847793733
10 0.4946765595828695 0.3654711739486129 0.18698446249372622 0.1070595103562339
4 0.5191309332364072 0.44266048942645 0.09349223124686298 0.06861272486918846
8 0.4133283370210971 0.5316795850541474 0.15670761892267804 0.26321260833438737
0 0.3820172588532151 0.4687975203822482 0.09258913206511238 0.10016403739295217
5 0.40558710890224686 0.4223881830568486 0.0439469714061584 0.08881211315508467
5 0.416386044183675 0.4173799811872 0.0651692268287906 0.12353564611797715
8 0.27377030094979987 0.39621634200966155 0.15151730288192644 0.2192649750776569
5 0.21642849849613932 0.4289794216459576 0.03023701878799847 0.1262066871151236
1 0.30131872647899216 0.5710480178773691 0.10247781359440757 0.06719856629141503
2 0.2096206828938319 0.26865446956600203 0.047318990430204974 0.07068293639541394
2 0.23715919786879813 0.10410334304891604 0.061088247917687744 0.0734027897262741
2 0.3023719312470177 0.10818312304520727 0.03966940293715778 0.1142005896891878
1 0.33578908727650053 0.11899358322516472 0.06674265087682899 0.13871251987390618
1 0.4055915731505469 0.1798503015031774 0.049913558392128285 0.09995460990913799
5 0.3884400137453761 0.24421637028706575 0.01727078414748022 0.13655029337656865
5 0.3707147352782241 0.20179690045114865 0.019543255745832648 0.10342270740947165
5 0.4422975906263303 0.20664483986096807 0.024542693262206344 0.1712938591469383
6 0.5651534653368454 0.20613391911131063 0.1297579010187774 0.05500847769684905
2 0.6445713052538199 0.19171014297328776 0.03211509448911562 0.09215091440151828
2 0.6040048701096644 0.2399558209842266 0.042632318415373543 0.1025011982654564
2 0.5956098717256699 0.13606902020149902 0.039552274265539776 0.08884550116754882
5 0.7050682610675117 0.2223950075182227 0.05725284310068415 0.06450740605858048
