2 0.7006343096783917 0.811767394347904 0.07515877500007799 0.07323015756079308
6 0.5767546575187908 0.7398922579414673 0.17572535355346341 0.13284455536861062
7 0.6591096378573762 0.7097829158460596 0.20258020078459957 0.08852102646953222
4 0.6745688227869739 0.603319922067021 0.08593256275398387 0.10728269085355026
5 0.517789644594311 0.641802843339849 0.056293140507067685 0.11542964813900955
5 0.4292354988880196 0.44515667483299537 0.017249819796819308 0.15258377186129762
2 0.46412114163792895 0.4889430017676664 0.06169332110715939 0.11043624468294366
8 0.4878508777567487 0.47209131573210406 0.08435940015808491 0.34451460519714106
8 0.550349744318157 0.4246117953935363 0.13414513795923833 0.3154002041424378
2 0.5516124377736197 0.5002366394939909 0.04849352848295951 0.0978267294022376
6 0.5781914709648177 0.5922959547906149 0.16059161503526917 0.10778098786869253
0 0.7226271572147722 0.4522779053178965 0.0740480069326876 0.11234354183121081
6 0.809822892651132 0.5435476835599241 0.06988280654272706 0.07692765164673768
0 0.3751665626868316 0.5519464620427676 0.09172162535100328 0.17126137186451892
2 0.4603966746152823 0.31176827112272587 0.03996909465116745 0.11610637718436316
4 0.718113022076809 0.3692261148795554 0.0726097110215908 0.1308501982751411
4 0.7816260694662753 0.3882282628472053 0.018950114471409082 0.17029990742094875
4 0.799706912631662 0.37437994876637987 0.027990536054101667 0.1296987910666711
8 0.22612823170413499 0.5366981078982954 0.21140668955278874 0.0770941773867719
1 0.20501464916761972 0.3300778577894695 0.07514339152615157 0.08793234000972439
5 0.43995449622865096 0.5703516639086049 0.02635662797529421 0.13503363773176033
7 0.3283812239270924 0.3438408218595485 0.19752305849294693 0.2099672374358014
1 0.261278373099183 0.2490612192777624 0.0508554138522084 0.23251448156697163
1 0.20085667198770335 0.20431079246177603 0.10639772996140669 0.09186066637816276
8 0.6090348397172051 0.4606882538965924 0.040879127827277546 0.3652891330049073
2 0.6262365505211074 0.3682953397823334 0.04251526933118919 0.11520039934431531
0 0.6508678836660569 0.3250886417454922 0.06644909574145104 0.13116584152420852
2 0.6602511367259849 0.2588774385319365 0.04711608528000156 0.0870015893974967
5 0.5696192757777319 0.40662445566594385 0.038967253684647186 0.06235292446473729
1 0.3446434310017958 0.13698881282547254 0.06664320623941958 0.24518117851045523
2 0.23198678399260356 0.09819687388244923 0.07311146756909351 0.06926234779998204
5 0.42746666233088493 0.25726586975114 0.03231950715812062 0.10913411490079433
5 0.4524234415269481 0.21680805145458382 0.0761133955558114 0.05473704828357603
5 0.4377936054464972 0.203378775633458 0.030024630910206452 0.1244332898868869
5 0.5139070010023069 0.1198435373910589 0.09275124835318542 0.03093833163854292
5 0.5363776642631305 0.23220747812225057 0.031363308721489735 0.13667262987576098
2 0.5667847745479881 0.19497948565609163 0.049722318704801996 0.09893466491006621
5 0.6172612497603436 0.15110975929778317 0.04204072456952476 0.0799910002620138
5 0.6965705085428485 0.12606207234705066 0.08294521333987333 0.052519343606372886
5 0.7511098269033161 0.1337379764125984 0.06476544055305275 0.03716753547527902
5 0.1973570235150572 0.457860069024478 0.08075841392077797 0.047856837878979125
5 0.28991161025572426 0.09840226215565466 0.07591895840492628 0.1408819272392434
