5 0.4584698668032406 0.383589779055126 0.05196161007211208 0.1665740913874149
1 0.6373308628834586 0.767632681053212 0.09138272811245417 0.1218312581910557
1 0.2653315077142151 0.5668291042138898 0.05274902817059555 0.11206491890371428
6 0.3914036976312572 0.2808405569536639 0.04164498459176597 0.2823880383445097
0 0.40808781216477497 0.5568073022750788 0.10370616234061462 0.09584697961584049
5 0.35033099173847526 0.4549675185508958 0.07605984387357563 0.0686809701599772
5 0.32223233155313635 0.4000145259582692 0.023103017217088316 0.15456578718328426
5 0.5007849603385526 0.7057224876482947 0.033679035250231096 0.15016677150731514
2 0.3242750203413355 0.5676716659677197 0.061934142930036885 0.0780029343943217
5 0.24698761083160836 0.4890655948300893 0.07738016506380041 0.04106057772861922
6 0.5161885286099609 0.580508064613924 0.15390593386006746 0.20800876464667925
2 0.5559993276607083 0.495824363950309 0.06904655842175224 0.08675917438387415
2 0.458445286373816 0.7573829358238844 0.05771293289133132 0.10490319428206639
8 0.23213189482140562 0.6746666703148237 0.16935012382809259 0.21922939698775334
5 0.19168083417490703 0.31547225762287423 0.02013333619087708 0.1520080030967113
7 0.07951704295814335 0.18010523719609622 0.13497838486903574 0.12306706734399576
2 0.3459336715913333 0.7470349218585608 0.057638320590476015 0.10817340358467843
5 0.2293248998352261 0.14261817389815548 0.06670989200788184 0.068319546910063
5 0.2275703035544478 0.12021605572741897 0.053630174278447455 0.035992439676342775
2 0.5584528174583427 0.8246597809394806 0.0736765763508295 0.07585562343811919
5 0.4617694955640487 0.3087981938101427 0.056911053213324146 0.07467331997527862
2 0.4465066466145599 0.5071164268206296 0.0629972390269373 0.08891004350203126
5 0.1945522934822018 0.06640892820227745 0.04093093963527625 0.10196574755099112
4 0.27060736292177207 0.32208752462291684 0.07732185849069048 0.1327555418294888
6 0.36376930675948943 0.22242490704009835 0.03202106737274288 0.15773539626953811
7 0.5556926140550444 0.15458083147288584 0.12713948638998906 0.17926180456519536
2 0.6612133125081056 0.10817716038439176 0.0508958515002954 0.08680883240722789
2 0.5897525320805683 0.04791179788629693 0.07174249178270305 0.0637711038068482
