7 0.780737193108191 0.5268651223117683 0.10690681000907026 0.2570288596196861
8 0.928110699782288 0.6467869892313101 0.09653952213656951 0.10090669199131931
2 0.8657035601466886 0.8104710648197928 0.060192672908136284 0.06496868046941515
2 0.8845902576006349 0.7251851612798832 0.05237833113707426 0.07639776533819988
2 0.9598345715096088 0.7407433688107631 0.04845975274776538 0.06803813144101163
2 0.8788985659130725 0.5837258314053824 0.054729478170658125 0.09288482107987736
2 0.9654662217514229 0.37676027325458256 0.04820504515245811 0.0559143401695573
2 0.9100338502906037 0.11196731019712955 0.03787959109663698 0.06618043501941254
0 0.9576858843594666 0.310763071567088 0.06652439912247418 0.07739627716480633
0 0.9754142817308198 0.43535732288179685 0.047464094991888695 0.07800653821208954
0 0.9858314324229082 0.7617462592427339 0.02833713515418381 0.09619336597378325
5 0.9255945908198338 0.6861336236921699 0.04394699054623254 0.030154660179869182
5 0.923570716255216 0.7125189513495549 0.03026174349016573 0.03221065973758787
5 0.8715764149401104 0.6719129600846248 0.05040411415718844 0.028098660622150825
5 0.860830604751722 0.6815076246873075 0.04124849112672451 0.046945323234569375
5 0.8782744759992174 0.6523809642862938 0.06245098656568911 0.0390639915966474
4 0.8868543905873572 0.8023996299617844 0.047811627214876834 0.07007189159297113
