8 0.5151971512977623 0.7016384612791853 0.1923042232269122 0.19697456341076658
8 0.8301782261831393 0.6484488428665657 0.0238233783622307 0.35076723238004165
5 0.4766228001560874 0.3599072224214586 0.027654150714578635 0.17963540503861303
6 0.5950357428404898 0.7901237859758584 0.1704818384291933 0.07971388244360605
2 0.7540278087023742 0.3506334365065012 0.06039952230962851 0.09072396131485135
4 0.7017421916645228 0.8488435865365774 0.0702634761549443 0.05623102272236757
1 0.8659048134738576 0.3458573454254039 0.056183870529907365 0.13594342915768087
1 0.26805517332445317 0.5548207651678658 0.05514585390760535 0.11206491890371456
6 0.2991675468500014 0.40578955570985903 0.089401599990445 0.10504627886913818
0 0.41101080671547974 0.5606535344767368 0.10061211094866977 0.09667105010029267
5 0.3519260792664554 0.45837037194391855 0.07733591389595947 0.06641240123129485
5 0.32886613946818016 0.40295516794360514 0.02770038170037352 0.1513727954392267
4 0.39173214802365464 0.3265536632427137 0.09454494483180738 0.07130853383564459
0 0.5224027458134178 0.35404200069649766 0.0608170307843849 0.08398807062983903
4 0.5864502470823831 0.4074216266056909 0.06018614344658099 0.1334072198959274
5 0.48984359425750895 0.7076410420194658 0.06000398606765198 0.11574669586868121
2 0.3255846717241695 0.5599592744910317 0.05866001447295206 0.08702497725384566
5 0.7356653566311994 0.7460405725367808 0.020256037396342342 0.1349300278296252
1 0.699500903035965 0.548711328980794 0.08064338248182315 0.22308284488423616
5 0.24664674009185522 0.48765161250222533 0.07669842358429506 0.043888542384346675
2 0.6453665790874793 0.09702696407206013 0.05059804184899215 0.10266135432413938
8 0.3572408530839594 0.2212890590752148 0.10976227953660579 0.2881324709159451
5 0.4738203589764284 0.1847027516339516 0.061283444870476204 0.05176105195199767
5 0.22752547616477195 0.12081660269101267 0.051694445692978895 0.03670717370720459
5 0.2412394251867476 0.13196815466104994 0.040501895370109994 0.045016173214291105
5 0.3812285101366671 0.1262200566198284 0.017797065999553358 0.09536318283907978
6 0.5288145315139979 0.6003604157199451 0.18323732759435502 0.1190529974969558
7 0.5029207479464021 0.2675144660683614 0.1769097076486506 0.12374012338266273
0 0.5659081515387122 0.1608621603974615 0.05336292820877318 0.12167778799295162
2 0.5900216938874466 0.0468630961217257 0.07369472622380538 0.06198794787792237
10 0.6889096561134005 0.38944464417351343 0.09382992571214938 0.3652674503208379
2 0.7654008911081681 0.6623412716069993 0.053449213935306605 0.09289031300764618
