2 0.7006343096783917 0.811767394347904 0.07515877500007799 0.07323015756079308
6 0.5767546575187908 0.7398922579414673 0.17572535355346341 0.13284455536861062
7 0.6591096378573792 0.7124568716519621 0.20258020078459948 0.08564138175548308
7 0.7767029215942338 0.7229283069757767 0.0536427322949875 0.30404560422361476
4 0.6742217227544836 0.6010573440774166 0.07690796190906762 0.13073122638223758
1 0.5691273301671047 0.6222361257553618 0.048383640893517835 0.12752712305074126
5 0.5165364161524104 0.6218621459223675 0.07699309811751102 0.06395055144186668
5 0.4292354988880196 0.44515667483299537 0.017249819796819308 0.15258377186129762
5 0.4699408663353921 0.5135949842707828 0.06079509660098559 0.06881228927078112
2 0.47120304827174536 0.48031077913437203 0.053642732294987706 0.12565722388577377
8 0.4878508777567487 0.47209131573210406 0.08435940015808491 0.34451460519714106
8 0.5535766754702766 0.42511205138703934 0.14059900026347485 0.31439969215543295
2 0.5526217685708669 0.49274252324777346 0.04789980448457989 0.09297138648215407
6 0.5903399721022101 0.5721384417922704 0.13583181271715158 0.10531272097093552
1 0.6176451746586378 0.49788474595143556 0.12009661124395561 0.14439361351874339
5 0.572522170434032 0.40244509257152805 0.03864380361800059 0.058004272097270416
2 0.6617268787857513 0.4326813620690351 0.043040404029623745 0.11683129982713761
0 0.649809777670028 0.31482161770118117 0.06872580643440145 0.11971094454117973
0 0.7253618847435354 0.4878059894522658 0.05553600519951514 0.17442419410811041
6 0.8414089956083595 0.5727555085167129 0.13305501245717452 0.13534330156030286
5 0.5315046246701699 0.25721432735326877 0.061770419006349185 0.0985946832437083
5 0.48627643861753334 0.2857727873273084 0.09294248804051293 0.07955570992768177
5 0.4639013952003724 0.23783537237088467 0.05469455057528049 0.05235717661907258
5 0.4358847810070906 0.25976418985095084 0.021610084667855887 0.10505433490450294
5 0.4412394922522232 0.2101268665627391 0.03767421840325319 0.08941517825205267
2 0.4782443717498343 0.19210783824578528 0.0367180199666216 0.10913411490079385
2 0.5483337171548686 0.22491606904929504 0.03652678027929454 0.1135538765634428
2 0.681149680002887 0.25483445568876456 0.06425653494158874 0.07003622326966796
0 0.3739043807504793 0.5592390687861388 0.09424598922370887 0.16864351303356515
8 0.47582623643646677 0.051469801480886083 0.15316416731005655 0.06104854865474831
