8 0.5151971512977623 0.7016384612791853 0.1923042232269122 0.19697456341076658
8 0.8301782261831435 0.6498666984469946 0.02382337836223079 0.34793152121919385
2 0.7345645479326657 0.2278043086788641 0.07541853914064843 0.05717344908215831
5 0.47844416372740356 0.33441657747415265 0.03459767959911369 0.16707283604461642
6 0.5950357428404898 0.7901237859758584 0.1704818384291933 0.07971388244360605
5 0.7027840682657265 0.49292497847210426 0.04936494933872886 0.11157933624951566
2 0.7780640445606412 0.3953262809650466 0.05892358160771125 0.09640906624075246
4 0.7029098754893808 0.8214419394465889 0.06605981438545866 0.09774866982841317
2 0.8821818407544789 0.6620572613124216 0.03643292521273861 0.10714440436413306
2 0.7696562486243433 0.5038193845812259 0.06428854266897756 0.09187221898519267
8 0.7514937293966766 0.2541457531022012 0.16034764180591737 0.18322401189581572
2 0.7586197399700443 0.11980975268247131 0.05833442157821247 0.062347014859931146
1 0.7216522503869456 0.6555961332491822 0.05044394123384528 0.20094541199325391
1 0.8635694458241429 0.3662009925073661 0.04217166463161756 0.16002366447918567
2 0.4663890577773171 0.23286932703136165 0.049829329029088015 0.10137059173095836
5 0.4370314224804345 0.18371450721767807 0.03471599439336456 0.10067438953332328
2 0.64896561118974 0.2887940648238028 0.05057344913296847 0.10851414472823531
7 0.44486851387499987 0.08379273724151055 0.09952030099370081 0.07074403056345678
7 0.7765529919154478 0.1040445265251519 0.0745519049678299 0.1811975446561107
5 0.47084727807360266 0.1315374218579887 0.061513464863422615 0.08366012256820722
1 0.2750499023009534 0.5545561891309272 0.04889524503498818 0.11206491890371895
6 0.24540738355356473 0.3288158379752555 0.08940159999044386 0.17512806718414037
5 0.21604626827520182 0.3592821562323505 0.06183810401483789 0.11249102125696606
0 0.13934784469090677 0.2923840867727154 0.043622228413567825 0.11078661184398168
5 0.24888278087222798 0.16838830197810506 0.023009527075288784 0.10226456477906008
