1 0.5676740059874276 0.621201975310647 0.04536989546111083 0.1270968115274227
1 0.6094693036243318 0.4994823365786249 0.10806284191646451 0.15056083827094593
6 0.5741357789773451 0.5681634981924822 0.16443149991360254 0.10998762536027032
2 0.5337153266574465 0.3721411081059564 0.050044369538922835 0.12367497429399162
5 0.5830722735378621 0.301015777039649 0.05251909110952911 0.08603476472625526
6 0.6497767708989777 0.3758904640460148 0.03693109490534569 0.3146721519862769
7 0.6854202681711412 0.36613089542237964 0.03493481950505526 0.2762253664992318
2 0.6909100255219321 0.5542243998051517 0.053899435807799746 0.09996164226631621
2 0.7230167882099097 0.5888265067434895 0.059555549441951836 0.07925952700406129
2 0.7320000275112115 0.469049982726158 0.03892737030563315 0.11888929050609269
2 0.721020512809622 0.33448623352150364 0.04158907083935266 0.12539566958851603
2 0.6453284038820004 0.1667990998972364 0.03526753207176956 0.12480418058102219
8 0.7666021344495533 0.4938925210408685 0.045581621639930174 0.32591044312864453
2 0.7333308777780707 0.25286075048746803 0.05556299864137486 0.07571059295910412
0 0.763940433915834 0.28598413490707675 0.048908747307078525 0.1608850100380951
4 0.7963799091705275 0.37825642007598426 0.026617005337186007 0.12776162561848714
5 0.5799595931073638 0.16040341515087564 0.03461246953299955 0.12113502042839684
4 0.5544594541171173 0.07979734978972043 0.025541829535202253 0.14356845359656817
0 0.6991749933627722 0.16974376951254871 0.04291768582051863 0.10836566643172084
