0 0.30322580713701336 0.2423633694156463 0.07366404220124143 0.13044271339922325
5 0.17385622520731275 0.27903450075845926 0.03619549009307688 0.14246096708828485
5 0.1743964564027318 0.2462204577774498 0.03259394879028319 0.09412027937967586
8 0.5134987020979719 0.6986189960351105 0.18890732482732667 0.19093563292261342
8 0.8301782261831435 0.6498666984469946 0.02382337836223079 0.34793152121919385
2 0.5322768197497326 0.14504758201405996 0.054187194005467475 0.09013698423628784
2 0.7345645479326657 0.2278043086788641 0.07541853914064843 0.05717344908215831
5 0.44912472972796924 0.36088064753840043 0.08323417133664752 0.1272269574143402
0 0.5232796524937844 0.3730985980012171 0.053012202296558814 0.16045312738177883
7 0.43357251702952654 0.5610001274798466 0.17325521711409228 0.18169535692047561
6 0.5950357428404898 0.7901237859758584 0.1704818384291933 0.07971388244360605
5 0.7027840682657265 0.49292497847210426 0.04936494933872886 0.11157933624951566
2 0.7786231130083371 0.3953262809650465 0.05780544471231981 0.09640906624075235
4 0.7029098754893808 0.8214419394465889 0.06605981438545866 0.09774866982841317
5 0.24243793467670624 0.6083991178480092 0.022169444067494663 0.13507736720729566
2 0.8821818407544789 0.6620572613124216 0.03643292521273861 0.10714440436413306
2 0.7696562486243433 0.5038193845812259 0.06428854266897756 0.09187221898519267
8 0.7514937293966766 0.2541457531022012 0.16034764180591737 0.18322401189581572
0 0.5894889191147089 0.1712611094538019 0.07257864646654967 0.10150899226917147
5 0.386231550400602 0.37433165226801646 0.017366709809385563 0.1567319503163279
2 0.7586197399700443 0.11980975268247131 0.05833442157821247 0.062347014859931146
4 0.5723215117058359 0.40565835814356066 0.02277465972449474 0.1852853672501139
1 0.7216522503869456 0.6555961332491822 0.05044394123384528 0.20094541199325391
1 0.863569445824143 0.36514268835962144 0.04217166463161755 0.157907056183696
2 0.4663890577773171 0.23286932703136165 0.049829329029088015 0.10137059173095836
5 0.4623933141753107 0.1454324065461668 0.04205339702207084 0.10691295408719917
2 0.64896561118974 0.2887940648238028 0.05057344913296847 0.10851414472823531
1 0.6029596813766684 0.08696361663976887 0.11265080963943333 0.12511914554407727
5 0.3364015433281801 0.3874556047479957 0.03898607795720893 0.16610620208774132
5 0.36751234139456024 0.24496697782250532 0.017366709809385518 0.11548524252210664
4 0.3862570388799368 0.32512294733739866 0.07857908297004478 0.07275841015744881
7 0.42381335850566854 0.11640341559131649 0.14163061173236302 0.1359653872630685
7 0.7765529919154478 0.1040445265251519 0.0745519049678299 0.1811975446561107
