2 0.7006343096783917 0.811767394347904 0.07515877500007799 0.07323015756079308
6 0.5767546575187908 0.7398922579414673 0.17572535355346341 0.13284455536861062
4 0.6750364636365499 0.6098756583143884 0.06933788585890997 0.13985937461498832
5 0.517789644594311 0.641802843339849 0.056293140507067685 0.11542964813900955
5 0.4292354988880196 0.44515667483299537 0.017249819796819308 0.15258377186129762
2 0.46412114163792895 0.4889430017676664 0.06169332110715939 0.11043624468294366
8 0.550349744318157 0.4246117953935363 0.13414513795923833 0.3154002041424378
6 0.5781914709648177 0.5922959547906149 0.16059161503526917 0.10778098786869253
0 0.7161477960459106 0.47865443516470507 0.05545505749161996 0.16509660152483469
0 0.3751665626868316 0.5519464620427676 0.09172162535100328 0.17126137186451892
2 0.4603966746152823 0.31176827112272587 0.03996909465116745 0.11610637718436316
4 0.718113022076809 0.3692261148795554 0.0726097110215908 0.1308501982751411
4 0.7816260694662753 0.3882282628472053 0.018950114471409082 0.17029990742094875
4 0.799706912631662 0.37437994876637987 0.027990536054101667 0.1296987910666711
8 0.22612823170413499 0.5366981078982954 0.21140668955278874 0.0770941773867719
1 0.20369533979080226 0.33035379177677904 0.07343604997968148 0.08572486811125636
5 0.43995449622865096 0.5703516639086049 0.026356627975294214 0.13503363773176033
7 0.3283812239270924 0.3438408218595485 0.19752305849294693 0.2099672374358014
1 0.2667777543671969 0.24750583871711307 0.05385507636203478 0.22407098709486958
1 0.20085667198770335 0.20431079246177603 0.10639772996140669 0.09186066637816276
8 0.6090348397172051 0.4606882538965924 0.040879127827277546 0.3652891330049073
2 0.6262365505211074 0.3682953397823334 0.04251526933118919 0.11520039934431531
0 0.6508678836660569 0.3250886417454922 0.06644909574145104 0.13116584152420852
2 0.6602511367259849 0.2588774385319365 0.04711608528000156 0.0870015893974967
5 0.5696192757777319 0.4066244556659439 0.038967253684647186 0.062352924464737294
1 0.3446434310017958 0.13698881282547254 0.06664320623941958 0.24518117851045523
2 0.23198678399260356 0.09819687388244923 0.07311146756909351 0.06926234779998204
5 0.42746666233088493 0.25726586975114 0.03231950715812062 0.10913411490079433
5 0.4524234415269481 0.21680805145458382 0.0761133955558114 0.05473704828357603
5 0.4377936054464972 0.203378775633458 0.030024630910206452 0.1244332898868869
5 0.6203356115989948 0.16288892343054434 0.05221792238023 0.0617097375279675
5 0.6951923463393151 0.12219850651150498 0.08421736306621157 0.0527078102324969
5 0.7497316646997834 0.13157061021217026 0.06476544055305201 0.034340536083416306
5 0.1984932593142336 0.457860069024478 0.08075841392077797 0.047856837878979125
5 0.28877537445654783 0.09719027730319992 0.07819143000327886 0.1384579575343339
5 0.31759805042227407 0.26266683285803916 0.02646959893155577 0.19363711708806058
5 0.17543053696120117 0.11513856098320221 0.04522218480721822 0.10342270740947285
7 0.7666140232726467 0.7041631992762082 0.15225559708963016 0.195533556196033
7 0.7493432391251688 0.7071931614073508 0.13998425045852547 0.1999775006550369
6 0.693222429050341 0.19245362034496732 0.16374957559333705 0.056842401385534765
2 0.32001501273367966 0.442362463134682 0.07702611020560284 0.10370726411551502
