7 0.24230706243296865 0.661890951580586 0.10228849158505084 0.2893896631701311
7 0.5006404974979053 0.7921651833961906 0.2120011478819195 0.09825561198850792
7 0.6767413359099019 0.5254763464518297 0.06847126641057186 0.3230961369162975
8 0.32418777376784497 0.36672717260796317 0.11660568055818582 0.31533001090139423
1 0.36551930204844796 0.15389270127677412 0.08393509876745087 0.14547815503442316
4 0.7629163876326531 0.6178942744455246 0.04058484177256377 0.1357055084744402
4 0.3602876523684169 0.2554986313699716 0.03289322622009876 0.16251123651893976
2 0.5594597250537781 0.7262812684023762 0.07185129874189623 0.09570863307026548
2 0.5726922983342422 0.21327718193968848 0.06409484341005543 0.07868903228955229
2 0.7582998933001385 0.19470692606813914 0.04653642944029978 0.09225308431696241
5 0.7524783622751616 0.3228878500757495 0.08617707905046518 0.03172829688285881
5 0.7291659193788889 0.39904276160158586 0.03607882106413742 0.1224567205284788
5 0.7317383308790442 0.46133027559354145 0.030815753573654747 0.1171771745847433
5 0.7239474323443652 0.46766449001362675 0.011038545243952062 0.07649531714577286
5 0.7399421995374602 0.6611028426846999 0.022443004628355637 0.106490125247548
5 0.4547618463035501 0.46498155524312423 0.07496595743185402 0.11695369322701943
5 0.31659117221040073 0.28717114373809177 0.054885790262607446 0.15231178652821137
5 0.2354099249404459 0.29516071289749535 0.02447867997774821 0.09621481157920493
5 0.2438244711827968 0.18449668049809187 0.06540397306554618 0.04215772662834436
5 0.24310744744217605 0.268137983975547 0.0330077162856528 0.0929796169485756
5 0.33031337280715456 0.2876559750323795 0.026437342199859652 0.07662997739089736
5 0.7227385125363918 0.20734626812963275 0.06780316187018234 0.0751050408408184
0 0.5322918906686803 0.1546386310432402 0.04295696596725902 0.14843283704841395
