1 0.46712844366759876 0.797918671108066 0.12776162561849122 0.11948077951358957
5 0.546702692509198 0.2840858728576572 0.057299535318067765 0.0651180794905414
8 0.5165594528933992 0.19707941834981452 0.19516815175190627 0.07054648508080004
6 0.5208893685393612 0.44023822973879057 0.1797707707057873 0.07926483287675683
4 0.5358210252802276 0.3811530353322371 0.19807766319871825 0.13335085245212827
1 0.4507696237838214 0.19064521729113387 0.09458935780983174 0.12807447930840274
1 0.4507696237838214 0.19064521729113387 0.09458935780983174 0.12807447930840274
1 0.7386159008771385 0.30645876495826213 0.057624991647814816 0.14368978910621735
5 0.7326821125884276 0.2795819785519962 0.052039599602276214 0.054135323409646004
7 0.6382408879183368 0.6510515828111416 0.18765770649745858 0.12795345336940064
0 0.7330776433943013 0.6834017108960023 0.05376257395603383 0.16133894474395358
5 0.7588733878810413 0.8464819855502106 0.03144167026711815 0.16217800500847215
5 0.6254813291734909 0.21662679597002518 0.06307388564948245 0.038721049404076634
0 0.601265067920694 0.09703352726228225 0.06544263708936028 0.1324739843228135
4 0.5402970686675969 0.06979570288417458 0.06521166307610386 0.0887233511239507
5 0.3571388006910915 0.19696583949517063 0.0682060761765371 0.07689357097409055
5 0.36161190790927283 0.16607997429606722 0.05957725991115612 0.025699994471479002
2 0.35747374004584587 0.34557958131372046 0.06534461736947648 0.051599655626672424
5 0.2958744548369587 0.7394372579624912 0.04904726624407149 0.12665370017456204
5 0.20934328100445915 0.5149649592870855 0.027472677611394422 0.140726333527292
5 0.16239138847651235 0.5638052750406749 0.06332685008728291 0.044149437969348525
2 0.15293038811604254 0.6153649202391798 0.05690569374387236 0.06577438455470663
6 0.19114336957766154 0.6395882576629917 0.04225449597278136 0.3105317289338271
6 0.16469272052383374 0.4452841187015404 0.06787336360982242 0.24960836116204818
