5 0.29602307804135036 0.6634121865412205 0.0782969759796051 0.04297037204157737
5 0.3497847023273972 0.5655109458111915 0.05882816032519897 0.11167379587156524
5 0.38780549122575564 0.5962613052908287 0.09201546530549798 0.034602122008473304
5 0.46592917203839584 0.6011071200089342 0.10197780322915423 0.07142909975661992
6 0.3599949971854302 0.6858315041881391 0.1424009785539409 0.20879561964503052
1 0.4707882819014649 0.8076782397316999 0.1463935293545192 0.06092336777178124
5 0.546702692509198 0.2840858728576572 0.057299535318067765 0.0651180794905414
5 0.4906231805028721 0.4043876255626993 0.05240910348416852 0.1269990447493248
0 0.44463460464910903 0.43449979321688853 0.04347260892364692 0.12817224608649985
8 0.4974491029870526 0.1985459200212847 0.15694745193921222 0.06761348173785937
6 0.618244198609197 0.4605608275233465 0.16951600785875712 0.13488662398932824
8 0.6421735188361727 0.41314215590210734 0.1952615262464014 0.14970577002970173
2 0.3079688041093088 0.40972433925382845 0.06807299114985103 0.0923905829704069
2 0.2682595592718954 0.3043209981185754 0.06331520144582889 0.08067910062204564
2 0.33212373645280385 0.4858489745181788 0.062217249975670214 0.08067910062204633
5 0.27421145984136946 0.48722594996517593 0.0541261417062187 0.06574099654224089
5 0.2530361563112671 0.3518876414410645 0.07788379932535798 0.08814435290579947
5 0.13789770835458068 0.44939733184310027 0.022518127656404204 0.12156575338257984
6 0.08996921646205246 0.5197291800991953 0.0964767487664258 0.16673973424680708
7 0.25252976708905206 0.191487744464761 0.1594861885389309 0.10467141907563793
7 0.20222550943460935 0.15990268467351576 0.138207590845266 0.0833698671234023
4 0.18538856077408752 0.15145551752004324 0.08511439077466253 0.06280285144538175
4 0.3350039166924778 0.2976497156549139 0.020200000037756693 0.1702677119718613
2 0.4340421196785193 0.3258893270347796 0.04965006390200483 0.10558909801363865
5 0.34776257513880965 0.15869997994694984 0.016329144871367548 0.09200394346749635
5 0.36274838909414575 0.16920990859248655 0.0435510821480332 0.1159568041015103
1 0.4507696237838214 0.19064521729113387 0.09458935780983174 0.12807447930840274
7 0.3235461572441905 0.0855409867830169 0.17643552124940864 0.09818950372382783
1 0.4507696237838214 0.19064521729113387 0.09458935780983174 0.12807447930840274
1 0.7386159008771385 0.30645876495826213 0.057624991647814816 0.14368978910621735
5 0.7326821125884276 0.2795819785519962 0.052039599602276214 0.054135323409646004
