7 0.3023275470754491 0.6860768344123922 0.07289429870751882 0.32531895412115247
7 0.06926470707062983 0.6723470059104086 0.038110712187333425 0.29735765558511956
7 0.8912994752534502 0.5651973099010976 0.11131896642112522 0.25051331351935424
8 0.5255209441758503 0.7642516208869672 0.13151916980166267 0.3430170767822415
8 0.12878422483301166 0.4756289026810835 0.04972200911327945 0.32510052578214355
8 0.02360066756394362 0.5987917911771194 0.04720133512788717 0.2905592440925697
6 0.42260400230435957 0.46982091000683757 0.14361455778962887 0.17243787980122297
6 0.9215997298568308 0.439162519678062 0.039995500131007396 0.26461669278595623
5 0.9011474854716545 0.3840172088913729 0.02363370462286764 0.1260464246552948
5 0.9352345594469442 0.5700568837431789 0.02136123302451388 0.1256424297044764
5 0.957540942758694 0.41878963074352243 0.02360261792266286 0.09167393627932356
2 0.9661241947872908 0.3358236861288559 0.04982586428158123 0.07178865122366604
5 0.6135664870050297 0.5452649011417705 0.02230166509711253 0.1546869800879676
5 0.5060150246719615 0.5625720846944716 0.061293561518303355 0.05615256641726028
5 0.5570645369114391 0.644828006311112 0.09817213892207324 0.04401147097569257
5 0.31082315203754757 0.5297409403151506 0.08056944757795831 0.04073337520646862
2 0.20705894169374953 0.6564371574972644 0.06549958311411751 0.08611724733281086
2 0.4149143398520066 0.68449644911218 0.06083854697407807 0.07774865356477614
2 0.25383324999733525 0.4218316062890136 0.05472835132074423 0.10510291210314145
2 0.3806302375004635 0.3482564134050998 0.07578110790636858 0.08439207276131556
2 0.16895753874633784 0.16933228298720746 0.05305647633323508 0.05444404203444097
1 0.541048567057924 0.4257174673760874 0.040347139177469654 0.13004153660981824
1 0.31232441535299194 0.2958166360079508 0.07178028672037534 0.1773861143854181
1 0.1104658395208535 0.3321219866586908 0.03334840828580058 0.1621234888333408
4 0.5992159761813344 0.3848457966277967 0.035172803293026855 0.1419253466209866
0 0.2787706319588914 0.7105702509554075 0.061007040750329325 0.13992633871578053
0 0.18182770336981424 0.32207219997363895 0.05128700705565109 0.15175545289235182
5 0.9725046416350276 0.48339185219554254 0.034875347664834494 0.0959035777649715
5 0.9801458694941766 0.4306797162327132 0.03709587541877525 0.03413517174685424
2 0.9817133008499072 0.37309112716319265 0.024033947454418635 0.10147666702976595
5 0.9910917651283101 0.48781360913325905 0.015517570421660536 0.1108580339588316
