5 0.2655093864094677 0.41870825080288127 0.087490156536578 0.07069911639319429
5 0.27821280416770416 0.5034685205547121 0.03488122869503207 0.1423529171772432
5 0.018625544143318393 0.8401022491248941 0.014590009578932752 0.13686325770497645
5 0.9271914712460929 0.549024410545291 0.05735275016241815 0.0503205891751564
5 0.8822951871540872 0.6121607302968931 0.056822687776442275 0.023558328265523544
5 0.9174383233441553 0.6562619208099528 0.04399517803586557 0.04315885738244018
5 0.9074201442492664 0.7001746446968791 0.05979103713789811 0.05032058917515337
5 0.8604036106133475 0.6390172245195894 0.06774197292750875 0.032793192945608
5 0.881765124768111 0.6515502551568483 0.04537334023939525 0.023558328265522382
2 0.8656027265687023 0.8085563769571626 0.06099958616047765 0.06551595877321244
2 0.9599425882385312 0.7191911659161486 0.04246620935068766 0.07470246350765557
2 0.879689257821426 0.6870333441586606 0.051095706437991495 0.06646947631157665
2 0.8789139867795457 0.5681417370441584 0.06293474382826868 0.07215845604552362
2 0.3238993237009702 0.5764746585215214 0.06604713370721355 0.0752418114876849
8 0.39933112111614305 0.28385873743203655 0.14443806075409063 0.2688240249050248
8 0.02133665932977795 0.7320530724410921 0.0426733186595559 0.1703739830657672
8 0.93213881902815 0.16883213574898143 0.08940207645026273 0.1320695145707473
1 0.4438152616158628 0.2928276864750204 0.10448641098456388 0.15577341804021513
6 0.44607536701153605 0.24383941909530896 0.14099580583774066 0.21047955889957748
7 0.7842408528073983 0.5266095942265919 0.12572835846406968 0.2169806118724973
0 0.9255731344590957 0.2937435585788122 0.03965601329978877 0.13997742536737257
0 0.9486698615946151 0.1290871055742553 0.0614234463778476 0.09595539367755763
4 0.38160315275448586 0.5916928271383954 0.10500797376818075 0.05563336358579146
