2 0.46159927913675697 0.2680239787201725 0.07587838110405494 0.10602440459311996
2 0.5509173734990932 0.18415021264533218 0.07139847668462662 0.0806382795496964
2 0.5609971584428081 0.29141903513273876 0.062438667845772296 0.12394402227083023
2 0.402520539605556 0.38898139804471904 0.07699835720891236 0.1259350909016882
5 0.3737300987510903 0.22095311698700737 0.03801254898689483 0.15304398807795627
5 0.33899195333030263 0.6974942566253327 0.030100208121866628 0.10817332049902864
5 0.36697144125364484 0.788465868564624 0.07432237011719506 0.1161060263498456
5 0.5073834972667546 0.8491702973740614 0.05287468439971931 0.14764042310646294
4 0.5509900203314867 0.8081679176906484 0.024669919665075268 0.17985030150317483
8 0.16501558080302609 0.8024627360193611 0.11242568582718272 0.22584022457140748
8 0.11000233254463243 0.6788374013094672 0.11379551642548201 0.19724556180416972
1 0.15558290958423215 0.45274835536909996 0.0814681068009431 0.05881682827986743
0 0.4223739855493123 0.1004584627386808 0.10461594979458903 0.13394461698490773
6 0.4937376856359979 0.1217134365560263 0.1803390251485678 0.13667262987576134
8 0.6237795761694498 0.33359010634077657 0.18330248694078172 0.2964857659588139
7 0.6143803459021515 0.12245288956776684 0.2656201152450513 0.08847893417870582
6 0.49369258490092094 0.12125524653606617 0.1790598540865185 0.13604247172339118
1 0.2854173217987955 0.9168589077446921 0.06765357839821391 0.06647118902806362
