5 0.3546559470166632 0.7052517025539212 0.08274154334526013 0.052628405698579385
5 0.38780549122575564 0.5962613052908287 0.09201546530549798 0.034602122008473304
5 0.46592917203839584 0.6011071200089342 0.10197780322915423 0.07142909975661992
6 0.3599949971854302 0.6858315041881391 0.1424009785539409 0.20879561964503052
1 0.4707882819014649 0.8076782397316999 0.1463935293545192 0.06092336777178124
5 0.546702692509198 0.2840858728576572 0.057299535318067765 0.0651180794905414
5 0.4906231805028721 0.4043876255626993 0.05240910348416852 0.1269990447493248
0 0.4256617392744622 0.4748285891823187 0.04512242330405139 0.14430376447267307
8 0.5165594528933992 0.19707941834981452 0.19516815175190627 0.07054648508080004
6 0.6200314975213014 0.4666712511544728 0.176390234443774 0.09529107885963073
8 0.6413486116459701 0.4082538169972063 0.2029606600216213 0.10864372322853474
2 0.4340421196785193 0.3258893270347796 0.04965006390200483 0.10558909801363865
1 0.4507696237838214 0.19064521729113387 0.09458935780983174 0.12807447930840274
1 0.4507696237838214 0.19064521729113387 0.09458935780983174 0.12807447930840274
1 0.7386159008771385 0.30645876495826213 0.057624991647814816 0.14368978910621735
5 0.7326821125884276 0.2795819785519962 0.052039599602276214 0.054135323409646004
7 0.6411155644902518 0.608167518781783 0.19440694714456339 0.07951445876629377
0 0.7292030793191095 0.6691810886272009 0.05801209584495384 0.14800711136695227
5 0.7588733878810413 0.8464819855502106 0.03144167026711815 0.16217800500847215
5 0.6254813291734909 0.21662679597002518 0.06307388564948245 0.038721049404076634
0 0.601265067920694 0.09703352726228225 0.06544263708936028 0.1324739843228135
