8 0.5151971512977623 0.7016384612791853 0.1923042232269122 0.19697456341076658
8 0.8301782261831331 0.6487122549120053 0.023823378362230484 0.3502404082891502
2 0.713963731680684 0.17797498389843366 0.06828748736111388 0.08358475196931225
5 0.4766228001560874 0.3599072224214586 0.027654150714578635 0.17963540503861303
6 0.5950357428404898 0.7901237859758584 0.1704818384291933 0.07971388244360605
2 0.7540278087023742 0.3506334365065012 0.06039952230962851 0.09072396131485135
4 0.7017421916645228 0.8488435865365774 0.0702634761549443 0.05623102272236757
2 0.8821818407544789 0.6620572613124216 0.03643292521273861 0.10714440436413306
2 0.747673179764162 0.09816262238769316 0.05636650064232394 0.06978138283995594
1 0.8659048134738576 0.3458573454254039 0.056183870529907365 0.13594342915768087
5 0.4202167754024862 0.17084403661480416 0.05806967089051389 0.048362154179707885
2 0.6315178338368329 0.2680902153355419 0.050252690933977905 0.12106944788080026
1 0.26805517332445317 0.5548207651678658 0.05514585390760535 0.11206491890371456
6 0.2531140967976234 0.29684724970360066 0.057173526424376855 0.29552924379166806
5 0.21604626827520182 0.3592821562323505 0.06183810401483789 0.11249102125696606
5 0.24888278087222798 0.16838830197810506 0.023009527075288784 0.10226456477906008
0 0.41101080671547974 0.5606535344767368 0.10061211094866977 0.09667105010029267
5 0.3615010866302876 0.4355356660355946 0.08527616390499179 0.042332165909788486
5 0.3592259189144753 0.35977681495331965 0.0351735581794614 0.1546942072077103
4 0.4106486259863465 0.39630331038086836 0.09874860660129398 0.053040769108985406
5 0.28211444576852673 0.1581914492769585 0.030667093683244828 0.10812072479866126
5 0.26395387451232816 0.08231422829979962 0.06547635931471071 0.06961856475990233
0 0.5316508017062915 0.33212068302450803 0.07931314257012317 0.12783070597382504
4 0.587320294824919 0.4159287600882498 0.04336522042424771 0.17104484075815266
0 0.5890727452255865 0.17023133148138647 0.07277634510555267 0.10846241718991217
5 0.4827250218185912 0.7132655930823146 0.08004144922904849 0.10918471962869074
2 0.3255846717241695 0.5599592744910317 0.05866001447295206 0.08702497725384566
2 0.7857888087384965 0.5117219072779517 0.05666293407008236 0.1123131378099963
5 0.7484898603561555 0.72738159309837 0.020256037396342345 0.1324346020080751
1 0.6977463067551866 0.5492784712129645 0.08734275009933926 0.2117400002408253
