7 0.47484734508831183 0.6151392777638649 0.18294809672837484 0.2126112860744577
7 0.20584588434325682 0.4895600903799402 0.11722229901484749 0.23007793563864762
7 0.5512451151109966 0.1719561534681516 0.16905759308788645 0.14635847738269953
5 0.3589862104209054 0.6332195117937865 0.08246255317503921 0.044129620293217445
5 0.2766288390738947 0.5797403956757303 0.07383764327662892 0.05609697494900674
5 0.29314238607450865 0.45632705078791924 0.07320655230845327 0.050861257287098456
5 0.363719392682226 0.4217339162360327 0.07257546134027616 0.04674747912417165
5 0.4554379467238542 0.46530256677976156 0.07383764327662966 0.11593374822794658
5 0.34192170209603384 0.35463385910732975 0.05854118624025685 0.05256436465656591
5 0.38841029116917414 0.29066999368187024 0.0631722334276189 0.043698086280759156
5 0.282425831415341 0.2671614576619639 0.05497884224997711 0.05340877212092818
5 0.44184072498034155 0.21227497247840232 0.04061072148918427 0.11209509089412255
5 0.5197373135677826 0.27718879630126986 0.10188303812198835 0.05657530011228785
5 0.5754879970156511 0.3712346776446409 0.02220527753940718 0.1310942588422779
5 0.6081279476433548 0.4754480620783841 0.042577603986296036 0.16331699306820618
8 0.33881264665359095 0.5683848940167409 0.21766346498879177 0.12283577043374024
4 0.311264759704911 0.38533959142424107 0.06239499473883222 0.08904660533277349
4 0.4465798564265808 0.3939755768552216 0.10244437717500259 0.0514320910111708
1 0.364645405676549 0.18231776119490373 0.10919771778202784 0.06258114820256613
0 0.5360837228162294 0.4617154940638356 0.048046974898359164 0.16262053042522123
