1 0.5683724638928027 0.6363783446126164 0.04397297965036302 0.09674407292350154
2 0.719884277010446 0.3298402915870939 0.04386154243770556 0.12014373522787848
2 0.7333308777780707 0.25286075048746803 0.05556299864137486 0.07571059295910412
0 0.763940433915834 0.28598413490707675 0.048908747307078525 0.1608850100380951
5 0.5799595931073638 0.16040341515087564 0.03461246953299955 0.12113502042839684
4 0.5544594541171173 0.07979734978972043 0.025541829535202253 0.14356845359656817
0 0.7055300259202127 0.17491891144451774 0.0516176836983779 0.11871595029565948
5 0.217768332234524 0.4539725806638951 0.05671861862328406 0.17777555413786478
1 0.1982890238394677 0.5492347516648156 0.0748140827138073 0.18312606326650507
7 0.5756570097277275 0.09972211365997717 0.0437200810807072 0.19944422731995434
4 0.7958097560453739 0.3767654958903654 0.026360670540892434 0.13049036911429593
5 0.6890685702060838 0.09654469337179204 0.06021822488474759 0.04546155181557793
8 0.5018497303971037 0.0837370987907846 0.09138616069955824 0.1674741975815692
7 0.660807971300039 0.7084970453020502 0.20969309330970984 0.09400643511127321
6 0.5766708512074552 0.7404846175287857 0.1748253305101481 0.13496703716431363
0 0.3639097846831189 0.6532021750313116 0.06684497931270356 0.2215395191701074
8 0.3365556697776737 0.5024695856423689 0.15378640258692183 0.35742677829696395
2 0.40718340715326007 0.16372184090181224 0.06321602809962903 0.09512244751084305
1 0.5298547891764901 0.3504613435808946 0.04565602029417646 0.176655973948709
5 0.6276067743693594 0.2859940773429904 0.030144647890355945 0.10216398868939652
5 0.7666399733759414 0.12050125691507088 0.04046399465135883 0.1174650983971932
