5 0.29602307804135036 0.6634121865412205 0.0782969759796051 0.04297037204157737
5 0.3514920438738678 0.5662697642762899 0.06941367791331753 0.09255157055109123
5 0.39053723770010895 0.607036527495223 0.08552756742890909 0.0367268137107489
5 0.474721981002721 0.6130964517574836 0.07209932616591559 0.10026420143034667
5 0.2083485173749037 0.4893988380463375 0.05668373934283158 0.06465133322636216
5 0.2547882074389108 0.44174503843817375 0.07751330620977613 0.050689073468555994
5 0.26494688964041185 0.44007563781495584 0.06061062489971429 0.10016403739295526
6 0.1638303143050111 0.5567546098434222 0.03599345039914819 0.2801507026398687
7 0.24504242718040048 0.2467605981891343 0.15062805293088874 0.16561692209804105
7 0.19498430918830784 0.24971804322659957 0.1448811995058151 0.16615463937758077
7 0.3248934431919564 0.10372780183173487 0.18026971796548197 0.09463824119888088
4 0.1775925159282149 0.24434087043120833 0.07440662855622247 0.12098638789629627
4 0.34546112913432664 0.26692499617185034 0.025407141458222024 0.16615463937758027
0 0.2869339639894929 0.14593860827555433 0.08378307361818522 0.09087422024210738
5 0.3737416973050858 0.19298887023522482 0.030549062943815222 0.1322784507666174
5 0.3501493516653085 0.1545420847481795 0.019660288033148916 0.09517595847842002
1 0.4445187342244198 0.18599854560121706 0.10737541925796286 0.08173302648994282
0 0.6064892610205869 0.09033650296256793 0.04839455515851889 0.18067300592513585
8 0.7094789237173096 0.15970203202311117 0.16907847708507392 0.1473345345937119
2 0.8885412901505376 0.18793218919891375 0.045067429491371366 0.09302508936026371
2 0.6804447029689003 0.314564608530371 0.07652389034440912 0.0559225970720665
1 0.7711844938911279 0.3427947657061727 0.035993450399146996 0.18121072320467518
5 0.6146583545502966 0.292249341429498 0.04657975934007363 0.08872335112395051
5 0.5577947522390366 0.35032280761972034 0.027221937276666882 0.09302508936026356
6 0.5930320377138336 0.2882164618329547 0.08983239301300129 0.2290675610836547
2 0.6548863285258129 0.431786975469894 0.05625867037177698 0.08495933016717708
2 0.8543626355698337 0.4398527346629797 0.05716606828099821 0.0688278117810048
5 0.7456261194480291 0.3105317289338273 0.05807346619022278 0.04678140331990146
8 0.5506041505347894 0.6919559778296942 0.21202864478826047 0.05753574891068194
5 0.7578759912225408 0.8623443764379963 0.026314539367444253 0.13012758164846244
