5 0.25179537594135687 0.8602183262355652 0.07526174107154181 0.02780701767737673
5 0.23463416895915828 0.7672201780472665 0.06616262091995777 0.05014287168836279
5 0.21625301089011495 0.6351010472520603 0.06270065848441238 0.13959285296153406
5 0.11463915467161977 0.5661401493903961 0.04584736715489483 0.13328971824962138
5 0.19153169872197112 0.4579591697485245 0.05848917405527467 0.02826322504684451
5 0.3176885417863789 0.4882823729596787 0.06495827395954631 0.08654078780012008
5 0.34642839935955555 0.6097598312412292 0.07465085356212894 0.049566112449569676
5 0.35577907158370187 0.6673390900266597 0.04320124947430154 0.050059950509393616
5 0.5572713363965438 0.6446703416921775 0.09744198261410729 0.043423653854841454
5 0.4998641629931944 0.5575908219297944 0.03017305359766627 0.10797860450535306
5 0.6136988652025671 0.5445869469786085 0.021682800420832322 0.15534986325609096
5 0.423263735006303 0.4633801193548361 0.07210184236325347 0.11726708661334286
5 0.5459429066383565 0.2699306718300947 0.06741956808049192 0.08042806633700725
5 0.22911215057537626 0.33021917210591084 0.0702655178247932 0.08618538995766066
2 0.30484564977346706 0.7328192150667167 0.06379351923238452 0.09175029740262364
2 0.27931469632061295 0.5660997563613176 0.04793329126618333 0.11038799982133857
2 0.2554601897685157 0.41069570181353465 0.04798952334104955 0.1065156685733476
2 0.35919802166144316 0.32410382736182036 0.0537367716453676 0.11826559843995177
2 0.47623282604165385 0.45773339590383166 0.07442686554090978 0.07586367761699032
2 0.21095518606238278 0.16967616738029478 0.04712743609540244 0.09221140612704627
2 0.4093641287302445 0.681573212836027 0.051982424100474 0.08530449083154709
2 0.48420847342707063 0.17215078167146694 0.0641680273177027 0.08513590488128644
1 0.5357722467825604 0.43243971402947723 0.046088764645604824 0.12511325321960207
1 0.32297116112592067 0.2936929081084458 0.043011888769801505 0.1887543531444053
1 0.1856151982663624 0.8208457075988396 0.09075192434932212 0.17462694681095567
1 0.10480048526809654 0.33358516037507707 0.026582316538336002 0.17101077817788052
4 0.3065964161457749 0.843889364309077 0.08570854563283571 0.07436420957961828
4 0.37726713028444814 0.553912231663828 0.09267437890711648 0.09374400567486438
4 0.2004854781400414 0.5049689822246516 0.08918723599847196 0.05625151207007811
4 0.5997444117732719 0.3967756951893458 0.034770852241119844 0.12733858776303153
6 0.44297098562635834 0.5793890422419635 0.18244266170915494 0.10369440823907247
6 0.4016632131639082 0.4136479798926264 0.08873521491933736 0.2522663964373501
6 0.6657397810998377 0.5616112677497518 0.0557674052211813 0.3159381629128041
8 0.02558127239502723 0.6131456378596478 0.037417383503174154 0.2633640779905955
8 0.11581571084315812 0.48372617685396 0.036144683384018564 0.3294313552872053
0 0.17434132886121148 0.3125035050386642 0.043248043489987606 0.1606675192629144
0 0.23554952330219045 0.2568190548012788 0.07600735882459643 0.10293960296177254
