1 0.5676740059874276 0.621201975310647 0.04536989546111083 0.1270968115274227
1 0.6094693036243318 0.4994823365786249 0.10806284191646451 0.15056083827094593
6 0.5741357789773451 0.5681634981924822 0.16443149991360254 0.10998762536027032
2 0.5337153266574465 0.3721411081059564 0.050044369538922835 0.12367497429399162
5 0.5830722735378621 0.301015777039649 0.05251909110952911 0.08603476472625526
6 0.6497767708989777 0.3758904640460148 0.03693109490534569 0.3146721519862769
7 0.6880336105092478 0.38855261519279116 0.04925139057467578 0.321068806040058
2 0.6843198578867107 0.5449325159363301 0.037537640299658476 0.11854541000395664
2 0.7230167882099097 0.5888265067434895 0.059555549441951836 0.07925952700406129
2 0.730977415291947 0.4448102856770633 0.04188158338349237 0.11242537129300093
2 0.719884277010446 0.3298402915870939 0.04386154243770556 0.12014373522787848
2 0.6453284038820004 0.1667990998972364 0.03526753207176956 0.12480418058102219
8 0.7666021344495533 0.4938925210408685 0.045581621639930174 0.32591044312864453
2 0.7333308777780707 0.25286075048746803 0.05556299864137486 0.07571059295910412
0 0.763940433915834 0.28598413490707675 0.048908747307078525 0.1608850100380951
5 0.5799595931073638 0.16040341515087564 0.03461246953299955 0.12113502042839684
4 0.5544594541171173 0.07979734978972043 0.025541829535202253 0.14356845359656817
0 0.6986750496111344 0.16974376951254866 0.04391757332379378 0.1083656664317208
1 0.7606453288960573 0.1782021728059311 0.09248959405295266 0.08443494472101444
5 0.7593954695169647 0.1471955603306301 0.07699133775218649 0.10063514224882654
2 0.791266883683859 0.11398717537337007 0.06474271583706775 0.0751026613571132
5 0.27353318316562186 0.48697197903309564 0.05734129856595207 0.08862380676806447
5 0.217768332234524 0.4539725806638951 0.05671861862328406 0.17777555413786478
1 0.1986217364061825 0.5468687956348436 0.0748140827138073 0.18312606326650507
5 0.21667358040437873 0.24022062976374237 0.07092826990420498 0.17411285511475916
5 0.2524401813262211 0.2644862601533134 0.04518841587926575 0.1660762580863887
5 0.21628849872967792 0.3609252715813358 0.042765188515078136 0.15144962716274524
7 0.5756570097277275 0.09972211365997717 0.0437200810807072 0.19944422731995434
7 0.6584789833330352 0.70849704530205 0.2050351173757026 0.09400643511127325
4 0.6688420406532356 0.6103469769136585 0.05567555415963929 0.15796202576993532
4 0.7958097560453739 0.3767654958903654 0.026360670540892434 0.13049036911429593
5 0.6890685702060838 0.09654469337179204 0.06021822488474759 0.04546155181557793
8 0.5018497303971037 0.0837370987907846 0.09138616069955824 0.1674741975815692
5 0.24923718937748673 0.11368386763582987 0.06999212522926329 0.040399495081825304
