2 0.22839465041739268 0.446526003631845 0.06449274396124854 0.07910221137021373
2 0.24939228798617205 0.34587066163547675 0.037995725124456245 0.1275412059733217
2 0.18102497994973132 0.5485145289659156 0.04024547200682574 0.10354390589471754
2 0.2472675270417114 0.6376156153688803 0.05724355956250344 0.0764358446948131
2 0.29988660690156793 0.6982754572342393 0.0429951626408321 0.12131968373072119
2 0.46221242622399195 0.4943983419890979 0.07024209710508068 0.07110311134401413
6 0.34173681836014824 0.650674537228769 0.06404716909260126 0.31621002340575965
1 0.34265177791861384 0.5878879790833875 0.05343363821439848 0.11386163394240269
5 0.28435344797808804 0.6071515606937118 0.05412614170621787 0.04958119850951267
5 0.4306179835811501 0.7821548280254385 0.05206025843498753 0.08594074408315568
5 0.4400177524652471 0.6565491251346703 0.04193743040596292 0.13368560190713066
5 0.4898055393018833 0.6649962922881444 0.044003313677192596 0.1608634440530864
5 0.5300902630908617 0.5847482043301473 0.05970402653853845 0.10614049162407169
1 0.4466285789331819 0.588604519769781 0.06135673315552257 0.25047686950731674
5 0.38909372982943446 0.5426960026313455 0.07189273783879445 0.07565723624414475
5 0.3720501928417891 0.4855858073111197 0.08862639233575481 0.04076676321893728
1 0.4264572946728942 0.38178848640180585 0.1179867253864714 0.06132643353421034
6 0.26697523790050387 0.3860102336378572 0.04849454390884603 0.2786353175793487
0 0.3038460895837764 0.3215730389823462 0.08224074714438286 0.06710356133091135
7 0.38346213203206153 0.22691702200562922 0.1619817755305782 0.13020757264872262
5 0.38196230077714943 0.2602466054481351 0.04749465640557083 0.0351071612261059
2 0.40458475553875084 0.31424053062499424 0.06874226585016809 0.07376947801941242
8 0.49257485582696603 0.18336636630742156 0.1757302287006127 0.21375372847793758
1 0.5894389577067489 0.2726896499333354 0.10748790660208155 0.05821567241290933
5 0.45945358228097477 0.36356831411990265 0.06899223772598646 0.11376497815041989
5 0.371838439806488 0.4000086586837085 0.020747665692959452 0.13420712266182386
6 0.9233557306373771 0.37929901496515106 0.12230028965679703 0.03709408184785749
