2 0.3038930105333242 0.5640430596930016 0.05842963328682167 0.1235772064211674
4 0.3962702745613765 0.595755555206958 0.06308911206784841 0.10008339471356739
2 0.43539074881462697 0.603766871025092 0.0467617021124006 0.10542427192566112
0 0.5048148959451849 0.5565117183007051 0.0837269582515318 0.10379878755676264
7 0.7222089201544939 0.37649203124384967 0.1768967107766965 0.08703530658754936
10 0.8595254851010317 0.6485698352658708 0.0712802470942954 0.04973285532669245
10 0.9237634043396342 0.6531537011861652 0.09952536012442077 0.056494870301309306
2 0.6710890067144443 0.31386374609837187 0.07131812668539209 0.058981861385722124
2 0.7623918831852962 0.35728739995321335 0.06191353855105551 0.07802324970709607
5 0.7264715812833128 0.308871186965327 0.04571674787525357 0.028562082482062004
5 0.705964354379278 0.3448640551337778 0.050419041942420334 0.029490930692861583
0 0.9744434236027766 0.43616016168208105 0.04833148461515566 0.07881393174653785
0 0.9571449246128191 0.31623935573048745 0.06380451386245357 0.07819578326225049
2 0.9649683663670713 0.37794914350334674 0.04885304739877247 0.05501521510150386
8 0.5148682357358545 0.6995318797638138 0.12727001191555987 0.12760939861399986
7 0.5641217303471748 0.7029257467482292 0.062362305838622636 0.058374512131936535
