8 0.8299952342714415 0.6520107695705474 0.023457394538847834 0.34617960343964344
5 0.4584698668032406 0.383589779055126 0.05196161007211208 0.1665740913874149
1 0.6373308628834586 0.767632681053212 0.09138272811245417 0.1218312581910557
1 0.2653315077142151 0.5668291042138898 0.05274902817059555 0.11206491890371428
6 0.39085375950445583 0.2774187197202333 0.04384473709897123 0.28238803834450976
0 0.40808781216477497 0.5568073022750788 0.10370616234061462 0.09584697961584049
5 0.35033099173847526 0.4549675185508958 0.07605984387357563 0.0686809701599772
5 0.32223233155313635 0.4000145259582692 0.023103017217088316 0.15456578718328426
5 0.5007849603385526 0.7057224876482947 0.033679035250231096 0.15016677150731514
2 0.3242750203413355 0.5676716659677197 0.061934142930036885 0.0780029343943217
5 0.7487160727692115 0.7520857778209686 0.020519688227411407 0.1367087614494495
1 0.6601742459618215 0.3829371765569522 0.1263250420043645 0.09489129697373067
5 0.24698761083160836 0.4890655948300893 0.07738016506380041 0.04106057772861922
6 0.5161885286099609 0.580508064613924 0.15390593386006746 0.20800876464667925
2 0.7695408628357295 0.65769288229886 0.0534492139353066 0.09289031300764618
2 0.5559993276607083 0.495824363950309 0.06904655842175224 0.08675917438387415
2 0.458445286373816 0.7573829358238844 0.05771293289133132 0.10490319428206639
8 0.23213189482140562 0.6746666703148237 0.16935012382809259 0.21922939698775334
5 0.19168083417490703 0.31547225762287423 0.02013333619087708 0.1520080030967113
7 0.07951704295814335 0.18010523719609622 0.13497838486903574 0.12306706734399576
2 0.3459336715913333 0.7470349218585608 0.057638320590476015 0.10817340358467843
4 0.6972908188884402 0.26633291290627215 0.03731208673710181 0.1252392817694664
4 0.7309116028662479 0.1696589715929273 0.05344114514373563 0.10599562887089359
4 0.801342418550158 0.30769412948887565 0.07095036366503626 0.13509781598035142
5 0.3818948959813171 0.1308040330709953 0.01725160655668387 0.10384100713902261
1 0.6362678569138067 0.2714517537655466 0.13623474451704803 0.19089516223794545
5 0.2293248998352261 0.14261817389815548 0.06670989200788184 0.068319546910063
5 0.2275703035544478 0.12021605572741897 0.053630174278447455 0.035992439676342775
2 0.5584528174583427 0.8246597809394806 0.0736765763508295 0.07585562343811919
5 0.4617694955640487 0.3087981938101427 0.056911053213324146 0.07467331997527862
2 0.4465066466145599 0.5071164268206296 0.0629972390269373 0.08891004350203126
5 0.1945522934822018 0.06640892820227745 0.04093093963527625 0.10196574755099112
