8 0.5134987020979719 0.6986189960351105 0.18890732482732667 0.19093563292261342
8 0.8305737024297499 0.6498666984469947 0.02303242586901775 0.34793152121919396
2 0.6487182092922474 0.2859824267084388 0.04908291391593031 0.10885267789791522
2 0.7345645479326657 0.2278043086788641 0.07541853914064843 0.05717344908215831
5 0.3792154254646979 0.5547518509340168 0.09548654961724024 0.05587471640434845
5 0.44912472972796924 0.36088064753840043 0.08323417133664752 0.1272269574143402
6 0.28186962736818644 0.7524186668012629 0.15477794467892309 0.16402092726018352
0 0.5232796524937844 0.3730985980012171 0.053012202296558814 0.16045312738177883
0 0.30937862129906046 0.5803695988155215 0.09852019773626859 0.09665046262051784
7 0.43484858705191043 0.556746560738567 0.16559879697978994 0.20381390397512603
6 0.5950357428404898 0.7901237859758584 0.1704818384291933 0.07971388244360605
5 0.7001693492798986 0.5014470255370259 0.031061916437930392 0.13249708813614164
2 0.7786231130083371 0.3953262809650465 0.05780544471231981 0.09640906624075235
4 0.7029098754893808 0.8214419394465889 0.06605981438545866 0.09774866982841317
5 0.22433151477572646 0.20358652977719335 0.05606227693244082 0.0600973209555171
5 0.27393408487503046 0.1421612414694956 0.051422806721285894 0.06120379255716472
5 0.31064909730103496 0.18051045326164292 0.05992064342522691 0.09296778616278219
5 0.24243793467670624 0.6083991178480092 0.022169444067494663 0.13507736720729566
7 0.17909760800632404 0.5140460863261123 0.09581850289326449 0.19668322469004765
2 0.8827548132344689 0.6617662276717922 0.035286980252759094 0.10656233708287327
2 0.7696562486243433 0.5038193845812259 0.06428854266897756 0.09187221898519267
8 0.7514937293966766 0.2541457531022012 0.16034764180591737 0.18322401189581572
0 0.5993031191648209 0.1727017259749183 0.05150962984520437 0.09734721120816359
5 0.38601365715178504 0.40415881699524314 0.01780249630702625 0.09242923155373849
2 0.7586197399700443 0.11980975268247131 0.05833442157821247 0.062347014859931146
7 0.20434739633197666 0.2747804114866254 0.23096867405145147 0.15029269152519245
6 0.11495892405930797 0.5685409570800743 0.09506721666758633 0.2007683501883704
4 0.5723215117058359 0.40565835814356066 0.02277465972449474 0.1852853672501139
